Map from character to field name
A:	Anguilla
B:	Australia
C:	Bangladesh
D:	Barbados
E:	Bolivia
F:	Brazil
G:	Cambodia
H:	China
I:	Colombia
J:	Cook Islands
K:	Cuba
L:	Ecuador
M:	French Polynesia
N:	Grenada
O:	Guyana
P:	India
Q:	Indonesia
R:	Laos
S:	Malaysia
T:	Martinique
U:	Mexico
V:	Mozambique
W:	New Caledonia
X:	Nicaragua
Y:	Pakistan
Z:	Paraguay
[:	Peru
\:	Philippines
]:	Puerto Rico
^:	Saint Lucia
_:	Senegal
`:	Singapore
a:	Sri Lanka
b:	Taiwan
c:	Thailand
d:	Trinidad And Tobago
e:	USA
f:	Venezuela
g:	Vietnam
h:	Wallis And Futuna
i:	?


Substitution rate (mu): 118.976316

Equilibrium frequencies (pi_i):
  A: 0.0248
  B: 0.025
  C: 0.0251
  D: 0.0252
  E: 0.0248
  F: 0.0236
  G: 0.026
  H: 0.0276
  I: 0.024
  J: 0.0256
  K: 0.0251
  L: 0.0249
  M: 0.0255
  N: 0.0249
  O: 0.0249
  P: 0.0249
  Q: 0.0259
  R: 0.0248
  S: 0.0252
  T: 0.0245
  U: 0.025
  V: 0.0251
  W: 0.0262
  X: 0.0244
  Y: 0.0251
  Z: 0.0241
  [: 0.026
  \: 0.0253
  ]: 0.0228
  ^: 0.0249
  _: 0.0254
  `: 0.0253
  a: 0.0243
  b: 0.0256
  c: 0.0246
  d: 0.0249
  e: 0.0249
  f: 0.0219
  g: 0.0252
  h: 0.0267

Symmetrized rates from j->i (W_ij):
	A	B	C	D	E	F	G	H	I	J	K	L	M	N	O	P	Q	R	S	T	U	V	W	X	Y	Z	[	\	]	^	_	`	a	b	c	d	e	f	g	h
  A	0	0.9746	0.9745	0.9761	0.9746	1.4351	0.973	0.9739	0.9741	0.9746	0.9745	0.9749	0.9743	0.9756	0.9782	0.976	0.9755	0.9744	0.9751	0.9748	0.9745	0.9748	0.9745	0.9726	0.9744	0.9746	0.9739	0.9746	0.9746	0.9863	0.9746	0.974	0.9759	0.9745	0.9744	0.9757	0.9893	0.9758	0.9735	0.9747
  B	0.9746	0	0.9745	0.9747	0.9746	0.9723	0.973	0.9739	0.974	0.9746	0.9744	0.9748	0.9743	0.9746	0.9747	0.9764	0.976	0.9744	0.975	0.9747	0.9745	0.9747	0.9745	0.9725	0.9744	0.9745	0.9738	0.9746	0.9745	0.9746	0.9746	0.974	0.9762	0.9744	1.4616	0.9746	0.9717	0.9721	0.9734	0.9746
  C	0.9745	0.9745	0	0.9746	0.9744	0.9722	0.9728	0.9738	0.9739	0.9744	0.9743	0.9747	0.9741	0.9744	0.9746	0.9763	0.9759	0.9764	0.9749	0.9746	0.9743	0.9746	0.9744	0.9723	0.9742	0.9744	0.9737	0.9744	0.9744	0.9744	0.9744	0.9738	0.9761	0.9743	1.4652	0.9744	0.9715	0.972	0.9733	0.9745
  D	0.9761	0.9747	0.9746	0	0.9748	1.2647	0.9731	0.974	0.9741	0.9747	0.9746	0.975	0.9744	0.9761	1.2002	0.9761	0.9756	0.9745	0.9752	0.9749	0.9746	0.9749	0.9747	0.9726	0.9745	0.975	0.974	0.9747	0.9746	0.9789	0.9747	0.9741	0.976	0.9746	0.9745	0.9764	0.9734	0.9727	0.9736	0.9748
  E	0.9746	0.9746	0.9744	0.9748	0	1.4585	0.973	0.9739	0.974	0.9746	0.9744	0.9749	0.9743	0.9746	0.9748	0.976	0.9755	0.9744	0.975	0.9748	0.9745	0.9747	0.9745	0.9725	0.9744	0.9745	0.9739	0.9746	0.9745	0.9746	0.9746	0.974	0.9759	0.9744	0.9744	0.9746	0.9717	0.9722	0.9735	0.9746
  F	1.4351	0.9723	0.9722	1.2647	1.4585	0	0.9707	0.9714	0.9741	0.9723	1.0016	1.0312	0.972	1.4509	1.4051	0.9744	0.9731	0.9722	0.9727	1.3407	0.9765	0.9731	0.9722	1.364	0.9721	3.4106	0.9929	0.9723	0.973	1.4442	0.9723	0.9717	0.9761	0.9721	0.9722	1.4523	1.8056	2.1558	0.9712	0.9722
  G	0.973	0.973	0.9728	0.9731	0.973	0.9707	0	1.4588	0.9725	0.973	0.9728	0.9732	0.9726	0.973	0.9731	0.975	0.9744	0.9728	0.9734	0.9731	0.9729	0.9731	0.9728	0.9708	0.9727	0.973	0.9721	0.9729	0.9731	0.973	0.973	0.9723	0.9747	0.9753	1.4669	0.973	0.9699	0.9706	1.4607	0.9729
  H	0.9739	0.9739	0.9738	0.974	0.9739	0.9714	1.4588	0	0.9733	0.9739	0.9737	0.9741	0.9735	0.9739	0.974	1.9507	0.9775	1.4626	0.9749	0.974	0.9737	0.9742	0.9737	0.9718	1.4607	0.9738	0.973	0.9738	0.9738	0.9739	1.4614	2.2768	0.9782	0.9738	1.8957	0.9738	0.9706	0.9713	0.9727	0.9739
  I	0.9741	0.974	0.9739	0.9741	0.974	0.9741	0.9725	0.9733	0	0.974	0.9748	0.9759	0.9737	0.974	0.9742	0.9754	0.9749	0.9739	0.9745	0.9742	0.9739	0.9742	0.9739	1.0532	0.9738	0.974	0.974	0.974	0.974	0.974	0.974	0.9734	0.9753	0.9739	0.9738	0.974	0.9891	4.3201	0.9729	0.974
  J	0.9746	0.9746	0.9744	0.9747	0.9746	0.9723	0.973	0.9739	0.974	0	0.9744	0.9748	1.4614	0.9746	0.9747	0.976	0.9755	0.9744	0.9751	0.9747	0.9745	0.9748	0.9746	0.9724	0.9744	0.9745	0.9738	0.9746	0.9745	0.9746	0.9746	0.974	0.9759	0.9744	0.9744	0.9746	0.9716	0.9721	0.9734	0.9747
  K	0.9745	0.9744	0.9743	0.9746	0.9744	1.0016	0.9728	0.9737	0.9748	0.9744	0	1.2036	0.9741	0.9745	0.9746	0.9759	0.9753	0.9743	0.9749	0.9746	0.9744	0.9746	0.9744	1.0222	0.9742	0.9745	1.337	0.9744	0.9744	0.9745	0.9744	0.9738	0.9758	0.9743	0.9742	0.9744	0.9819	1.5934	0.9733	0.9745
  L	0.9749	0.9748	0.9747	0.975	0.9749	1.0312	0.9732	0.9741	0.9759	0.9748	1.2036	0	0.9745	0.9749	0.975	0.9763	0.9757	0.9746	0.9753	0.975	0.9749	0.975	0.9748	1.067	0.9746	0.9749	1.1553	0.9748	0.9748	0.9749	0.9748	0.9742	0.9762	0.9747	0.9746	0.9748	0.9927	1.1944	0.9737	0.9749
  M	0.9743	0.9743	0.9741	0.9744	0.9743	0.972	0.9726	0.9735	0.9737	1.4614	0.9741	0.9745	0	0.9743	0.9744	0.9762	1.4628	0.9741	0.9747	0.9744	0.9741	0.9744	1.79	0.9721	0.974	0.9742	0.9735	0.9743	0.9742	0.9743	0.9743	0.9736	0.9761	0.9741	0.9747	0.9742	0.9713	0.9718	0.9731	1.7892
  N	0.9756	0.9746	0.9744	0.9761	0.9746	1.4509	0.973	0.9739	0.974	0.9746	0.9745	0.9749	0.9743	0	0.9782	0.976	0.9755	0.9744	0.9751	0.9748	0.9745	0.9747	0.9745	0.9725	0.9744	0.9745	0.9739	0.9746	0.9745	0.9774	0.9746	0.974	0.9759	0.9744	0.9744	0.9815	0.9728	0.9724	0.9735	0.9746
  O	0.9782	0.9747	0.9746	1.2002	0.9748	1.4051	0.9731	0.974	0.9742	0.9747	0.9746	0.975	0.9744	0.9782	0	0.9761	0.9756	0.9746	0.9752	0.975	0.9746	0.9749	0.9747	0.9727	0.9745	0.975	0.974	0.9747	0.9747	0.9841	0.9747	0.9741	0.976	0.9746	0.9745	0.9788	0.9756	0.9732	0.9736	0.9748
  P	0.976	0.9764	0.9763	0.9761	0.976	0.9744	0.975	1.9507	0.9754	0.976	0.9759	0.9763	0.9762	0.976	0.9761	0	1.1399	0.9764	1.2655	0.9761	0.9762	1.053	0.976	1.0786	1.4642	0.9759	0.9753	0.9768	0.9759	0.976	0.9783	1.383	2.0348	0.9814	1.4634	0.976	0.9765	0.9739	0.9753	0.9761
  Q	0.9755	0.976	0.9759	0.9756	0.9755	0.9731	0.9744	0.9775	0.9749	0.9755	0.9753	0.9757	1.4628	0.9755	0.9756	1.1399	0	0.9758	0.9769	0.9756	0.9754	0.9762	0.9759	0.9738	0.9758	0.9754	0.9747	1.4646	0.9753	0.9755	0.9755	0.9766	1.1168	0.9765	1.7946	0.9755	0.9725	0.9729	0.9748	0.976
  R	0.9744	0.9744	0.9764	0.9745	0.9744	0.9722	0.9728	1.4626	0.9739	0.9744	0.9743	0.9746	0.9741	0.9744	0.9746	0.9764	0.9758	0	0.9749	0.9746	0.9743	0.9746	0.9743	0.9723	0.9742	0.9744	0.9737	0.9744	0.9744	0.9744	0.9744	0.9738	0.9761	0.9743	1.4639	0.9744	0.9715	0.972	0.9733	0.9745
  S	0.9751	0.975	0.9749	0.9752	0.975	0.9727	0.9734	0.9749	0.9745	0.9751	0.9749	0.9753	0.9747	0.9751	0.9752	1.2655	0.9769	0.9749	0	0.9752	0.9749	0.9756	0.975	0.9733	0.9751	0.975	0.9743	0.975	0.9749	0.9751	0.9751	0.9774	1.31	0.9805	0.9758	0.975	0.9721	0.9725	0.9739	0.9751
  T	0.9748	0.9747	0.9746	0.9749	0.9748	1.3407	0.9731	0.974	0.9742	0.9747	0.9746	0.975	0.9744	0.9748	0.975	0.9761	0.9756	0.9746	0.9752	0	0.9746	0.9749	0.9747	0.9731	0.9745	0.975	0.974	0.9747	0.9751	0.9748	0.9747	0.9741	0.976	0.9746	0.9745	0.9748	1.2466	0.9738	0.9736	0.9748
  U	0.9745	0.9745	0.9743	0.9746	0.9745	0.9765	0.9729	0.9737	0.9739	0.9745	0.9744	0.9749	0.9741	0.9745	0.9746	0.9762	0.9754	0.9743	0.9749	0.9746	0	0.9749	0.9744	1.4364	0.9743	0.9744	0.9738	0.9745	0.9744	0.9745	0.9745	0.9738	0.977	0.9743	0.9742	0.9745	0.992	0.9741	0.9733	0.9745
  V	0.9748	0.9747	0.9746	0.9749	0.9747	0.9731	0.9731	0.9742	0.9742	0.9748	0.9746	0.975	0.9744	0.9747	0.9749	1.053	0.9762	0.9746	0.9756	0.9749	0.9749	0	0.9747	1.057	0.9746	0.9747	0.974	0.9747	0.9747	0.9747	0.9748	0.9743	1.415	0.9747	0.9751	0.9747	0.975	0.9727	0.9736	0.9748
  W	0.9745	0.9745	0.9744	0.9747	0.9745	0.9722	0.9728	0.9737	0.9739	0.9746	0.9744	0.9748	1.79	0.9745	0.9747	0.976	0.9759	0.9743	0.975	0.9747	0.9744	0.9747	0	0.9723	0.9743	0.9744	0.9737	0.9745	0.9745	0.9745	0.9745	0.9739	0.9759	0.9744	0.9743	0.9745	0.9715	0.972	0.9733	1.7939
  X	0.9726	0.9725	0.9723	0.9726	0.9725	1.364	0.9708	0.9718	1.0532	0.9724	1.0222	1.067	0.9721	0.9725	0.9727	1.0786	0.9738	0.9723	0.9733	0.9731	1.4364	1.057	0.9723	0	0.9723	0.9727	1.012	0.9724	0.9727	0.9725	0.9724	0.9721	1.3257	0.9724	0.9728	0.9725	1.5685	1.6498	0.9713	0.9723
  Y	0.9744	0.9744	0.9742	0.9745	0.9744	0.9721	0.9727	1.4607	0.9738	0.9744	0.9742	0.9746	0.974	0.9744	0.9745	1.4642	0.9758	0.9742	0.9751	0.9745	0.9743	0.9746	0.9743	0.9723	0	0.9743	0.9736	0.9744	0.9743	0.9744	0.9744	0.9738	0.9764	0.9742	0.9747	0.9744	0.9714	0.9719	0.9732	0.9744
  Z	0.9746	0.9745	0.9744	0.975	0.9745	3.4106	0.973	0.9738	0.974	0.9745	0.9745	0.9749	0.9742	0.9745	0.975	0.9759	0.9754	0.9744	0.975	0.975	0.9744	0.9747	0.9744	0.9727	0.9743	0	0.9739	0.9745	0.9745	0.9746	0.9745	0.9739	0.9758	0.9744	0.9743	0.9745	0.9721	0.9724	0.9734	0.9745
  [	0.9739	0.9738	0.9737	0.974	0.9739	0.9929	0.9721	0.973	0.974	0.9738	1.337	1.1553	0.9735	0.9739	0.974	0.9753	0.9747	0.9737	0.9743	0.974	0.9738	0.974	0.9737	1.012	0.9736	0.9739	0	0.9738	0.9739	0.9739	0.9738	0.9732	0.9752	0.9736	0.9736	0.9738	0.9796	1.0609	0.9726	0.9738
  \	0.9746	0.9746	0.9744	0.9747	0.9746	0.9723	0.9729	0.9738	0.974	0.9746	0.9744	0.9748	0.9743	0.9746	0.9747	0.9768	1.4646	0.9744	0.975	0.9747	0.9745	0.9747	0.9745	0.9724	0.9744	0.9745	0.9738	0	0.9745	0.9746	0.9746	0.9739	0.9766	0.9744	0.9755	0.9746	0.9716	0.9721	0.9734	0.9746
  ]	0.9746	0.9745	0.9744	0.9746	0.9745	0.973	0.9731	0.9738	0.974	0.9745	0.9744	0.9748	0.9742	0.9745	0.9747	0.9759	0.9753	0.9744	0.9749	0.9751	0.9744	0.9747	0.9745	0.9727	0.9743	0.9745	0.9739	0.9745	0	0.9746	0.9745	0.9739	0.9758	0.9744	0.9743	0.9745	4.8949	0.9724	0.9735	0.9746
  ^	0.9863	0.9746	0.9744	0.9789	0.9746	1.4442	0.973	0.9739	0.974	0.9746	0.9745	0.9749	0.9743	0.9774	0.9841	0.976	0.9755	0.9744	0.9751	0.9748	0.9745	0.9747	0.9745	0.9725	0.9744	0.9746	0.9739	0.9746	0.9746	0	0.9746	0.974	0.9759	0.9744	0.9744	0.9779	0.9835	0.9746	0.9735	0.9746
  _	0.9746	0.9746	0.9744	0.9747	0.9746	0.9723	0.973	1.4614	0.974	0.9746	0.9744	0.9748	0.9743	0.9746	0.9747	0.9783	0.9755	0.9744	0.9751	0.9747	0.9745	0.9748	0.9745	0.9724	0.9744	0.9745	0.9738	0.9746	0.9745	0.9746	0	0.974	0.9759	0.9744	0.9744	0.9746	0.9716	0.9721	0.9734	0.9746
  `	0.974	0.974	0.9738	0.9741	0.974	0.9717	0.9723	2.2768	0.9734	0.974	0.9738	0.9742	0.9736	0.974	0.9741	1.383	0.9766	0.9738	0.9774	0.9741	0.9738	0.9743	0.9739	0.9721	0.9738	0.9739	0.9732	0.9739	0.9739	0.974	0.974	0	1.4694	0.9841	1.4625	0.9739	0.971	0.9716	0.9728	0.974
  a	0.9759	0.9762	0.9761	0.976	0.9759	0.9761	0.9747	0.9782	0.9753	0.9759	0.9758	0.9762	0.9761	0.9759	0.976	2.0348	1.1168	0.9761	1.31	0.976	0.977	1.415	0.9759	1.3257	0.9764	0.9758	0.9752	0.9766	0.9758	0.9759	0.9759	1.4694	0	1.4634	1.0856	0.9758	0.9856	0.9748	0.9752	0.976
  b	0.9745	0.9744	0.9743	0.9746	0.9744	0.9721	0.9753	0.9738	0.9739	0.9744	0.9743	0.9747	0.9741	0.9744	0.9746	0.9814	0.9765	0.9743	0.9805	0.9746	0.9743	0.9747	0.9744	0.9724	0.9742	0.9744	0.9736	0.9744	0.9744	0.9744	0.9744	0.9841	1.4634	0	1.471	0.9744	0.9714	0.972	1.4551	0.9745
  c	0.9744	1.4616	1.4652	0.9745	0.9744	0.9722	1.4669	1.8957	0.9738	0.9744	0.9742	0.9746	0.9747	0.9744	0.9745	1.4634	1.7946	1.4639	0.9758	0.9745	0.9742	0.9751	0.9743	0.9728	0.9747	0.9743	0.9736	0.9755	0.9743	0.9744	0.9744	1.4625	1.0856	1.471	0	0.9743	0.9715	0.972	1.4622	0.9744
  d	0.9757	0.9746	0.9744	0.9764	0.9746	1.4523	0.973	0.9738	0.974	0.9746	0.9744	0.9748	0.9742	0.9815	0.9788	0.976	0.9755	0.9744	0.975	0.9748	0.9745	0.9747	0.9745	0.9725	0.9744	0.9745	0.9738	0.9746	0.9745	0.9779	0.9746	0.9739	0.9758	0.9744	0.9743	0	0.973	0.9725	0.9734	0.9746
  e	0.9893	0.9717	0.9715	0.9734	0.9717	1.8056	0.9699	0.9706	0.9891	0.9716	0.9819	0.9927	0.9713	0.9728	0.9756	0.9765	0.9725	0.9715	0.9721	1.2466	0.992	0.975	0.9715	1.5685	0.9714	0.9721	0.9796	0.9716	4.8949	0.9835	0.9716	0.971	0.9856	0.9714	0.9715	0.973	0	2.4788	0.9705	0.9715
  f	0.9758	0.9721	0.972	0.9727	0.9722	2.1558	0.9706	0.9713	4.3201	0.9721	1.5934	1.1944	0.9718	0.9724	0.9732	0.9739	0.9729	0.972	0.9725	0.9738	0.9741	0.9727	0.972	1.6498	0.9719	0.9724	1.0609	0.9721	0.9724	0.9746	0.9721	0.9716	0.9748	0.972	0.972	0.9725	2.4788	0	0.9711	0.972
  g	0.9735	0.9734	0.9733	0.9736	0.9735	0.9712	1.4607	0.9727	0.9729	0.9734	0.9733	0.9737	0.9731	0.9735	0.9736	0.9753	0.9748	0.9733	0.9739	0.9736	0.9733	0.9736	0.9733	0.9713	0.9732	0.9734	0.9726	0.9734	0.9735	0.9735	0.9734	0.9728	0.9752	1.4551	1.4622	0.9734	0.9705	0.9711	0	0.9734
  h	0.9747	0.9746	0.9745	0.9748	0.9746	0.9722	0.9729	0.9739	0.974	0.9747	0.9745	0.9749	1.7892	0.9746	0.9748	0.9761	0.976	0.9745	0.9751	0.9748	0.9745	0.9748	1.7939	0.9723	0.9744	0.9745	0.9738	0.9746	0.9746	0.9746	0.9746	0.974	0.976	0.9745	0.9744	0.9746	0.9715	0.972	0.9734	0

Actual rates from j->i (Q_ij):
	A	B	C	D	E	F	G	H	I	J	K	L	M	N	O	P	Q	R	S	T	U	V	W	X	Y	Z	[	\	]	^	_	`	a	b	c	d	e	f	g	h
  A	0	0.0242	0.0242	0.0243	0.0242	0.0357	0.0242	0.0242	0.0242	0.0242	0.0242	0.0242	0.0242	0.0242	0.0243	0.0243	0.0242	0.0242	0.0242	0.0242	0.0242	0.0242	0.0242	0.0242	0.0242	0.0242	0.0242	0.0242	0.0242	0.0245	0.0242	0.0242	0.0242	0.0242	0.0242	0.0242	0.0246	0.0242	0.0242	0.0242
  B	0.0244	0	0.0244	0.0244	0.0244	0.0243	0.0243	0.0243	0.0243	0.0244	0.0244	0.0244	0.0244	0.0244	0.0244	0.0244	0.0244	0.0244	0.0244	0.0244	0.0244	0.0244	0.0244	0.0243	0.0244	0.0244	0.0243	0.0244	0.0244	0.0244	0.0244	0.0243	0.0244	0.0244	0.0365	0.0244	0.0243	0.0243	0.0243	0.0244
  C	0.0245	0.0245	0	0.0245	0.0245	0.0244	0.0244	0.0244	0.0245	0.0245	0.0245	0.0245	0.0245	0.0245	0.0245	0.0245	0.0245	0.0245	0.0245	0.0245	0.0245	0.0245	0.0245	0.0244	0.0245	0.0245	0.0244	0.0245	0.0245	0.0245	0.0245	0.0244	0.0245	0.0245	0.0368	0.0245	0.0244	0.0244	0.0244	0.0245
  D	0.0246	0.0246	0.0246	0	0.0246	0.0319	0.0245	0.0245	0.0245	0.0246	0.0246	0.0246	0.0245	0.0246	0.0302	0.0246	0.0246	0.0245	0.0246	0.0246	0.0246	0.0246	0.0246	0.0245	0.0245	0.0246	0.0245	0.0246	0.0246	0.0247	0.0246	0.0245	0.0246	0.0245	0.0245	0.0246	0.0245	0.0245	0.0245	0.0246
  E	0.0242	0.0242	0.0242	0.0242	0	0.0362	0.0242	0.0242	0.0242	0.0242	0.0242	0.0242	0.0242	0.0242	0.0242	0.0243	0.0242	0.0242	0.0242	0.0242	0.0242	0.0242	0.0242	0.0242	0.0242	0.0242	0.0242	0.0242	0.0242	0.0242	0.0242	0.0242	0.0242	0.0242	0.0242	0.0242	0.0241	0.0242	0.0242	0.0242
  F	0.0339	0.023	0.023	0.0299	0.0345	0	0.0229	0.023	0.023	0.023	0.0237	0.0244	0.023	0.0343	0.0332	0.023	0.023	0.023	0.023	0.0317	0.0231	0.023	0.023	0.0322	0.023	0.0806	0.0235	0.023	0.023	0.0341	0.023	0.023	0.0231	0.023	0.023	0.0343	0.0427	0.051	0.023	0.023
  G	0.0253	0.0253	0.0253	0.0253	0.0253	0.0252	0	0.0379	0.0253	0.0253	0.0253	0.0253	0.0253	0.0253	0.0253	0.0254	0.0253	0.0253	0.0253	0.0253	0.0253	0.0253	0.0253	0.0252	0.0253	0.0253	0.0253	0.0253	0.0253	0.0253	0.0253	0.0253	0.0253	0.0254	0.0381	0.0253	0.0252	0.0252	0.038	0.0253
  H	0.0269	0.0269	0.0269	0.0269	0.0269	0.0268	0.0402	0	0.0268	0.0269	0.0269	0.0269	0.0269	0.0269	0.0269	0.0538	0.027	0.0403	0.0269	0.0269	0.0269	0.0269	0.0269	0.0268	0.0403	0.0269	0.0268	0.0269	0.0269	0.0269	0.0403	0.0628	0.027	0.0269	0.0523	0.0269	0.0268	0.0268	0.0268	0.0269
  I	0.0234	0.0234	0.0234	0.0234	0.0234	0.0234	0.0233	0.0234	0	0.0234	0.0234	0.0234	0.0234	0.0234	0.0234	0.0234	0.0234	0.0234	0.0234	0.0234	0.0234	0.0234	0.0234	0.0253	0.0234	0.0234	0.0234	0.0234	0.0234	0.0234	0.0234	0.0234	0.0234	0.0234	0.0234	0.0234	0.0237	0.1037	0.0234	0.0234
  J	0.0249	0.0249	0.0249	0.0249	0.0249	0.0249	0.0249	0.0249	0.0249	0	0.0249	0.0249	0.0374	0.0249	0.0249	0.025	0.0249	0.0249	0.0249	0.0249	0.0249	0.0249	0.0249	0.0249	0.0249	0.0249	0.0249	0.0249	0.0249	0.0249	0.0249	0.0249	0.025	0.0249	0.0249	0.0249	0.0248	0.0249	0.0249	0.0249
  K	0.0245	0.0245	0.0245	0.0245	0.0245	0.0251	0.0244	0.0244	0.0245	0.0245	0	0.0302	0.0245	0.0245	0.0245	0.0245	0.0245	0.0245	0.0245	0.0245	0.0245	0.0245	0.0245	0.0257	0.0245	0.0245	0.0336	0.0245	0.0245	0.0245	0.0245	0.0245	0.0245	0.0245	0.0245	0.0245	0.0247	0.04	0.0244	0.0245
  L	0.0242	0.0242	0.0242	0.0242	0.0242	0.0256	0.0242	0.0242	0.0243	0.0242	0.0299	0	0.0242	0.0242	0.0242	0.0243	0.0242	0.0242	0.0242	0.0242	0.0242	0.0242	0.0242	0.0265	0.0242	0.0242	0.0287	0.0242	0.0242	0.0242	0.0242	0.0242	0.0243	0.0242	0.0242	0.0242	0.0247	0.0297	0.0242	0.0242
  M	0.0248	0.0248	0.0248	0.0248	0.0248	0.0248	0.0248	0.0248	0.0248	0.0372	0.0248	0.0248	0	0.0248	0.0248	0.0249	0.0373	0.0248	0.0248	0.0248	0.0248	0.0248	0.0456	0.0248	0.0248	0.0248	0.0248	0.0248	0.0248	0.0248	0.0248	0.0248	0.0249	0.0248	0.0248	0.0248	0.0248	0.0248	0.0248	0.0456
  N	0.0243	0.0242	0.0242	0.0243	0.0242	0.0361	0.0242	0.0242	0.0242	0.0242	0.0242	0.0242	0.0242	0	0.0243	0.0243	0.0243	0.0242	0.0242	0.0242	0.0242	0.0242	0.0242	0.0242	0.0242	0.0242	0.0242	0.0242	0.0242	0.0243	0.0242	0.0242	0.0243	0.0242	0.0242	0.0244	0.0242	0.0242	0.0242	0.0242
  O	0.0244	0.0243	0.0243	0.0299	0.0243	0.035	0.0243	0.0243	0.0243	0.0243	0.0243	0.0243	0.0243	0.0244	0	0.0243	0.0243	0.0243	0.0243	0.0243	0.0243	0.0243	0.0243	0.0243	0.0243	0.0243	0.0243	0.0243	0.0243	0.0245	0.0243	0.0243	0.0243	0.0243	0.0243	0.0244	0.0243	0.0243	0.0243	0.0243
  P	0.0243	0.0244	0.0244	0.0244	0.0243	0.0243	0.0243	0.0487	0.0243	0.0243	0.0243	0.0244	0.0244	0.0243	0.0244	0	0.0284	0.0244	0.0316	0.0244	0.0244	0.0263	0.0243	0.0269	0.0365	0.0243	0.0243	0.0244	0.0243	0.0243	0.0244	0.0345	0.0508	0.0245	0.0365	0.0243	0.0244	0.0243	0.0243	0.0244
  Q	0.0253	0.0253	0.0253	0.0253	0.0253	0.0252	0.0253	0.0253	0.0253	0.0253	0.0253	0.0253	0.0379	0.0253	0.0253	0.0296	0	0.0253	0.0253	0.0253	0.0253	0.0253	0.0253	0.0253	0.0253	0.0253	0.0253	0.038	0.0253	0.0253	0.0253	0.0253	0.029	0.0253	0.0465	0.0253	0.0252	0.0252	0.0253	0.0253
  R	0.0242	0.0242	0.0242	0.0242	0.0242	0.0241	0.0241	0.0363	0.0242	0.0242	0.0242	0.0242	0.0242	0.0242	0.0242	0.0242	0.0242	0	0.0242	0.0242	0.0242	0.0242	0.0242	0.0241	0.0242	0.0242	0.0242	0.0242	0.0242	0.0242	0.0242	0.0242	0.0242	0.0242	0.0363	0.0242	0.0241	0.0241	0.0242	0.0242
  S	0.0246	0.0246	0.0246	0.0246	0.0246	0.0245	0.0245	0.0246	0.0246	0.0246	0.0246	0.0246	0.0246	0.0246	0.0246	0.0319	0.0246	0.0246	0	0.0246	0.0246	0.0246	0.0246	0.0245	0.0246	0.0246	0.0246	0.0246	0.0246	0.0246	0.0246	0.0246	0.033	0.0247	0.0246	0.0246	0.0245	0.0245	0.0246	0.0246
  T	0.0239	0.0239	0.0239	0.0239	0.0239	0.0329	0.0238	0.0239	0.0239	0.0239	0.0239	0.0239	0.0239	0.0239	0.0239	0.0239	0.0239	0.0239	0.0239	0	0.0239	0.0239	0.0239	0.0238	0.0239	0.0239	0.0239	0.0239	0.0239	0.0239	0.0239	0.0239	0.0239	0.0239	0.0239	0.0239	0.0305	0.0239	0.0239	0.0239
  U	0.0243	0.0243	0.0243	0.0243	0.0243	0.0244	0.0243	0.0243	0.0243	0.0243	0.0243	0.0243	0.0243	0.0243	0.0243	0.0244	0.0243	0.0243	0.0243	0.0243	0	0.0243	0.0243	0.0358	0.0243	0.0243	0.0243	0.0243	0.0243	0.0243	0.0243	0.0243	0.0244	0.0243	0.0243	0.0243	0.0248	0.0243	0.0243	0.0243
  V	0.0245	0.0245	0.0245	0.0245	0.0245	0.0245	0.0245	0.0245	0.0245	0.0245	0.0245	0.0245	0.0245	0.0245	0.0245	0.0265	0.0245	0.0245	0.0245	0.0245	0.0245	0	0.0245	0.0266	0.0245	0.0245	0.0245	0.0245	0.0245	0.0245	0.0245	0.0245	0.0356	0.0245	0.0245	0.0245	0.0245	0.0244	0.0245	0.0245
  W	0.0255	0.0255	0.0255	0.0255	0.0255	0.0255	0.0255	0.0255	0.0255	0.0255	0.0255	0.0255	0.0469	0.0255	0.0255	0.0256	0.0256	0.0255	0.0255	0.0255	0.0255	0.0255	0	0.0255	0.0255	0.0255	0.0255	0.0255	0.0255	0.0255	0.0255	0.0255	0.0256	0.0255	0.0255	0.0255	0.0255	0.0255	0.0255	0.047
  X	0.0237	0.0237	0.0237	0.0237	0.0237	0.0332	0.0237	0.0237	0.0257	0.0237	0.0249	0.026	0.0237	0.0237	0.0237	0.0263	0.0237	0.0237	0.0237	0.0237	0.035	0.0258	0.0237	0	0.0237	0.0237	0.0247	0.0237	0.0237	0.0237	0.0237	0.0237	0.0323	0.0237	0.0237	0.0237	0.0382	0.0402	0.0237	0.0237
  Y	0.0245	0.0245	0.0245	0.0245	0.0245	0.0244	0.0244	0.0367	0.0245	0.0245	0.0245	0.0245	0.0245	0.0245	0.0245	0.0368	0.0245	0.0245	0.0245	0.0245	0.0245	0.0245	0.0245	0.0244	0	0.0245	0.0245	0.0245	0.0245	0.0245	0.0245	0.0245	0.0245	0.0245	0.0245	0.0245	0.0244	0.0244	0.0245	0.0245
  Z	0.0235	0.0235	0.0235	0.0235	0.0235	0.0823	0.0235	0.0235	0.0235	0.0235	0.0235	0.0235	0.0235	0.0235	0.0235	0.0235	0.0235	0.0235	0.0235	0.0235	0.0235	0.0235	0.0235	0.0235	0.0235	0	0.0235	0.0235	0.0235	0.0235	0.0235	0.0235	0.0235	0.0235	0.0235	0.0235	0.0235	0.0235	0.0235	0.0235
  [	0.0253	0.0253	0.0253	0.0253	0.0253	0.0258	0.0252	0.0253	0.0253	0.0253	0.0347	0.03	0.0253	0.0253	0.0253	0.0253	0.0253	0.0253	0.0253	0.0253	0.0253	0.0253	0.0253	0.0263	0.0253	0.0253	0	0.0253	0.0253	0.0253	0.0253	0.0253	0.0253	0.0253	0.0253	0.0253	0.0254	0.0276	0.0253	0.0253
  \	0.0247	0.0247	0.0247	0.0247	0.0247	0.0246	0.0246	0.0247	0.0247	0.0247	0.0247	0.0247	0.0247	0.0247	0.0247	0.0247	0.0371	0.0247	0.0247	0.0247	0.0247	0.0247	0.0247	0.0246	0.0247	0.0247	0.0247	0	0.0247	0.0247	0.0247	0.0247	0.0247	0.0247	0.0247	0.0247	0.0246	0.0246	0.0247	0.0247
  ]	0.0222	0.0222	0.0222	0.0222	0.0222	0.0222	0.0222	0.0222	0.0222	0.0222	0.0222	0.0222	0.0222	0.0222	0.0222	0.0222	0.0222	0.0222	0.0222	0.0222	0.0222	0.0222	0.0222	0.0222	0.0222	0.0222	0.0222	0.0222	0	0.0222	0.0222	0.0222	0.0222	0.0222	0.0222	0.0222	0.1116	0.0222	0.0222	0.0222
  ^	0.0245	0.0242	0.0242	0.0243	0.0242	0.0359	0.0242	0.0242	0.0242	0.0242	0.0242	0.0242	0.0242	0.0243	0.0245	0.0243	0.0243	0.0242	0.0242	0.0242	0.0242	0.0242	0.0242	0.0242	0.0242	0.0242	0.0242	0.0242	0.0242	0	0.0242	0.0242	0.0243	0.0242	0.0242	0.0243	0.0244	0.0242	0.0242	0.0242
  _	0.0248	0.0248	0.0248	0.0248	0.0248	0.0247	0.0247	0.0371	0.0247	0.0248	0.0248	0.0248	0.0248	0.0248	0.0248	0.0249	0.0248	0.0248	0.0248	0.0248	0.0248	0.0248	0.0248	0.0247	0.0248	0.0248	0.0247	0.0248	0.0248	0.0248	0	0.0247	0.0248	0.0248	0.0248	0.0248	0.0247	0.0247	0.0247	0.0248
  `	0.0246	0.0246	0.0246	0.0246	0.0246	0.0245	0.0246	0.0575	0.0246	0.0246	0.0246	0.0246	0.0246	0.0246	0.0246	0.0349	0.0247	0.0246	0.0247	0.0246	0.0246	0.0246	0.0246	0.0246	0.0246	0.0246	0.0246	0.0246	0.0246	0.0246	0.0246	0	0.0371	0.0249	0.0369	0.0246	0.0245	0.0245	0.0246	0.0246
  a	0.0237	0.0237	0.0237	0.0237	0.0237	0.0237	0.0237	0.0238	0.0237	0.0237	0.0237	0.0237	0.0237	0.0237	0.0237	0.0494	0.0271	0.0237	0.0318	0.0237	0.0237	0.0344	0.0237	0.0322	0.0237	0.0237	0.0237	0.0237	0.0237	0.0237	0.0237	0.0357	0	0.0356	0.0264	0.0237	0.0239	0.0237	0.0237	0.0237
  b	0.0249	0.0249	0.0249	0.0249	0.0249	0.0249	0.025	0.0249	0.0249	0.0249	0.0249	0.0249	0.0249	0.0249	0.0249	0.0251	0.025	0.0249	0.0251	0.0249	0.0249	0.0249	0.0249	0.0249	0.0249	0.0249	0.0249	0.0249	0.0249	0.0249	0.0249	0.0252	0.0374	0	0.0376	0.0249	0.0249	0.0249	0.0372	0.0249
  c	0.024	0.0359	0.036	0.024	0.024	0.0239	0.0361	0.0466	0.0239	0.024	0.024	0.024	0.024	0.024	0.024	0.036	0.0441	0.036	0.024	0.024	0.024	0.024	0.024	0.0239	0.024	0.024	0.0239	0.024	0.024	0.024	0.024	0.036	0.0267	0.0362	0	0.024	0.0239	0.0239	0.036	0.024
  d	0.0243	0.0242	0.0242	0.0243	0.0242	0.0361	0.0242	0.0242	0.0242	0.0242	0.0242	0.0242	0.0242	0.0244	0.0243	0.0243	0.0243	0.0242	0.0243	0.0242	0.0242	0.0242	0.0242	0.0242	0.0242	0.0242	0.0242	0.0242	0.0242	0.0243	0.0242	0.0242	0.0243	0.0242	0.0242	0	0.0242	0.0242	0.0242	0.0242
  e	0.0246	0.0242	0.0242	0.0242	0.0242	0.045	0.0242	0.0242	0.0246	0.0242	0.0245	0.0247	0.0242	0.0242	0.0243	0.0243	0.0242	0.0242	0.0242	0.0311	0.0247	0.0243	0.0242	0.0391	0.0242	0.0242	0.0244	0.0242	0.1219	0.0245	0.0242	0.0242	0.0246	0.0242	0.0242	0.0242	0	0.0617	0.0242	0.0242
  f	0.0214	0.0213	0.0213	0.0213	0.0213	0.0472	0.0212	0.0213	0.0946	0.0213	0.0349	0.0261	0.0213	0.0213	0.0213	0.0213	0.0213	0.0213	0.0213	0.0213	0.0213	0.0213	0.0213	0.0361	0.0213	0.0213	0.0232	0.0213	0.0213	0.0213	0.0213	0.0213	0.0213	0.0213	0.0213	0.0213	0.0543	0	0.0213	0.0213
  g	0.0245	0.0245	0.0245	0.0245	0.0245	0.0244	0.0367	0.0245	0.0245	0.0245	0.0245	0.0245	0.0245	0.0245	0.0245	0.0245	0.0245	0.0245	0.0245	0.0245	0.0245	0.0245	0.0245	0.0244	0.0245	0.0245	0.0245	0.0245	0.0245	0.0245	0.0245	0.0245	0.0245	0.0366	0.0368	0.0245	0.0244	0.0244	0	0.0245
  h	0.026	0.026	0.026	0.026	0.026	0.026	0.026	0.026	0.026	0.026	0.026	0.026	0.0478	0.026	0.026	0.0261	0.0261	0.026	0.026	0.026	0.026	0.026	0.0479	0.026	0.026	0.026	0.026	0.026	0.026	0.026	0.026	0.026	0.0261	0.026	0.026	0.026	0.0259	0.026	0.026	0
