Map from character to field name
A:	American Samoa
B:	Angola
C:	Australia
D:	Bangladesh
E:	Belize
F:	Brazil
G:	Brunei
H:	Burkina Faso
I:	Cambodia
J:	China
K:	Colombia
L:	Cuba
M:	Dominican Republic
N:	Ecuador
O:	Fiji
P:	France
Q:	French Guiana
R:	French Polynesia
S:	Guadeloupe
T:	Guam
U:	Guatemala
V:	Haiti
W:	Honduras
X:	India
Y:	Indonesia
Z:	Kenya
[:	Laos
\:	Malaysia
]:	Martinique
^:	Mexico
_:	New Caledonia
`:	Nicaragua
a:	Pakistan
b:	Papua New Guinea
c:	Peru
d:	Philippines
e:	Puerto Rico
f:	Saint Kitts
g:	Saudi Arabia
h:	Seychelles
i:	Singapore
j:	South Korea
k:	Sri Lanka
l:	Suriname
m:	Taiwan
n:	Tanzania
o:	Thailand
p:	Tonga
q:	USA
r:	Venezuela
s:	Vietnam
t:	?


Substitution rate (mu): 126.336177

Equilibrium frequencies (pi_i):
  A: 0.0209
  B: 0.0198
  C: 0.0202
  D: 0.0199
  E: 0.02
  F: 0.0204
  G: 0.0201
  H: 0.0203
  I: 0.0182
  J: 0.0176
  K: 0.0194
  L: 0.02
  M: 0.0194
  N: 0.0206
  O: 0.0201
  P: 0.0199
  Q: 0.0192
  R: 0.0205
  S: 0.0205
  T: 0.02
  U: 0.0202
  V: 0.0201
  W: 0.0203
  X: 0.0193
  Y: 0.018
  Z: 0.0202
  [: 0.0194
  \: 0.0175
  ]: 0.0199
  ^: 0.0195
  _: 0.0209
  `: 0.0211
  a: 0.0204
  b: 0.0192
  c: 0.0205
  d: 0.0198
  e: 0.0155
  f: 0.0199
  g: 0.0204
  h: 0.0201
  i: 0.0158
  j: 0.0192
  k: 0.02
  l: 0.0202
  m: 0.019
  n: 0.0198
  o: 0.0177
  p: 0.0206
  q: 0.0187
  r: 0.0203
  s: 0.0193

Symmetrized rates from j->i (W_ij):
	A	B	C	D	E	F	G	H	I	J	K	L	M	N	O	P	Q	R	S	T	U	V	W	X	Y	Z	[	\	]	^	_	`	a	b	c	d	e	f	g	h	i	j	k	l	m	n	o	p	q	r	s
  A	0	0.9635	0.9636	0.9635	0.9636	0.9618	0.9635	0.9632	0.9626	0.9601	0.9634	0.9635	0.9635	0.963	1.2886	0.9637	0.9635	1.444	0.9635	0.9635	0.9636	0.9635	0.9635	0.9628	0.9655	0.9632	0.9631	0.9628	0.9635	0.9631	0.9663	0.9607	0.9632	0.9664	0.9633	0.9632	0.9681	0.9635	0.9635	0.9636	0.9609	0.9636	0.9637	0.9636	0.9633	0.9635	0.9633	1.2919	0.961	0.9623	0.9613
  B	0.9635	0	0.9635	0.9635	0.9635	0.9618	0.9635	0.9632	0.9626	1.4412	0.9634	0.9635	0.9635	0.963	0.9636	0.9637	0.9635	0.9634	0.9635	0.9635	0.9635	0.9634	0.9635	0.9631	0.9654	0.9632	0.9631	0.9629	0.9635	0.9631	0.9635	0.9608	0.9632	0.9662	0.9633	0.9632	0.9678	0.9635	0.9635	0.9636	0.9611	0.9642	0.9637	0.9636	0.9633	0.9635	0.9633	0.9634	0.9611	0.9623	0.9615
  C	0.9636	0.9635	0	0.9636	0.9636	0.9619	0.9636	0.9633	0.9627	1.4482	0.9634	0.9635	0.9636	0.9631	0.9637	0.9638	0.9635	0.9635	0.9635	0.9635	0.9636	0.9635	0.9635	0.9631	0.9682	0.9632	0.9632	1.2772	0.9636	0.9632	0.9635	0.9608	0.9632	1.4481	0.9633	1.3131	0.9687	0.9635	0.9635	0.9636	0.9613	0.9636	0.9638	0.9636	0.9634	0.9635	0.9639	0.9635	0.9612	0.9623	0.962
  D	0.9635	0.9635	0.9636	0	0.9636	0.9618	0.9635	0.9632	0.9627	1.2872	0.9634	0.9635	0.9635	0.963	0.9636	0.9637	0.9635	0.9634	0.9635	0.9635	0.9636	0.9635	0.9635	0.9629	0.9655	0.9632	0.9631	1.1279	0.9635	0.9631	0.9635	0.9608	0.9632	0.9663	0.9633	0.9633	0.9679	0.9635	0.9635	0.9636	0.9614	0.9636	0.9637	0.9636	0.9633	0.9635	0.9634	0.9634	0.9611	0.9623	0.9615
  E	0.9636	0.9635	0.9636	0.9636	0	0.9619	0.9636	0.9632	0.9627	0.9603	0.9636	0.9635	0.9636	0.9631	0.9637	0.9637	0.9635	0.9635	0.9635	0.9635	0.9638	0.9635	0.9636	0.9628	0.9655	0.9632	0.9631	0.9629	0.9636	1.1328	0.9635	1.3011	0.9632	0.9663	0.9634	0.9632	0.9679	0.9635	0.9635	0.9636	0.961	0.9636	0.9637	0.9636	0.9633	0.9635	0.9633	0.9635	0.9612	0.9624	0.9615
  F	0.9618	0.9618	0.9619	0.9618	0.9619	0	0.9618	0.9615	0.9611	0.9587	0.963	0.9624	1.0464	0.9613	0.9619	0.962	3.376	0.9617	0.9618	0.9618	0.9619	1.4428	0.9618	0.9612	0.9641	0.9615	0.9615	0.9614	1.0718	0.9621	0.9617	0.9592	0.9615	0.9648	2.4105	0.9615	0.9689	0.9619	0.9618	0.9619	0.9596	0.9619	0.962	1.4136	0.9617	0.9618	0.9619	0.9617	2.1168	1.386	0.96
  G	0.9635	0.9635	0.9636	0.9635	0.9636	0.9618	0	0.9632	0.9626	1.038	0.9634	0.9635	0.9635	0.963	0.9636	0.9637	0.9635	0.9634	0.9635	0.9636	0.9636	0.9635	0.9635	0.9631	1.2652	0.9632	0.9631	0.963	0.9635	0.9631	0.9635	0.9608	0.9632	0.9666	0.9633	0.9633	0.9682	0.9635	0.9635	0.9636	1.099	0.9636	0.9638	0.9636	0.9633	0.9635	0.9635	0.9634	0.9611	0.9623	0.9617
  H	0.9632	0.9632	0.9633	0.9632	0.9632	0.9615	0.9632	0	0.9623	0.96	0.9631	0.9632	0.9632	0.9627	0.9633	0.9634	0.9632	0.9631	0.9632	0.9632	0.9633	0.9631	0.9632	0.9629	1.4476	0.9629	0.9628	0.9626	0.9632	0.9628	0.9632	0.9605	0.9629	0.9664	0.963	0.963	0.9682	0.9632	0.9632	0.9633	0.9608	0.9633	0.9635	0.9633	0.963	0.9632	0.9633	0.9631	0.9608	0.962	0.9614
  I	0.9626	0.9626	0.9627	0.9627	0.9627	0.9611	0.9626	0.9623	0	1.3398	0.9626	0.9626	0.9627	0.9622	0.9627	0.9628	0.9626	0.9625	0.9626	0.9626	0.9627	0.9626	0.9626	0.963	0.9682	0.9623	1.1272	0.9623	0.9626	0.9623	0.9626	0.9601	0.9623	0.9696	0.9624	0.9646	0.9703	0.9626	0.9626	0.9627	0.961	0.9628	0.9629	0.9627	0.9625	0.9626	4.2585	0.9625	0.9627	0.9615	2.4311
  J	0.9601	1.4412	1.4482	1.2872	0.9603	0.9587	1.038	0.96	1.3398	0	0.9603	0.9603	0.9604	0.9598	0.9605	1.2885	0.9604	0.9601	0.9602	0.9691	0.9603	0.9602	0.9602	2.2946	2.6384	0.96	1.2259	4.1671	0.9603	0.96	0.9601	0.9577	0.9601	1.4485	0.96	1.8968	0.9694	0.9603	0.9602	0.9605	5.6375	1.8745	0.9612	0.9603	1.9407	1.4429	2.4746	0.9601	0.9588	0.9592	1.2294
  K	0.9634	0.9634	0.9634	0.9634	0.9636	0.963	0.9634	0.9631	0.9626	0.9603	0	0.9635	0.9635	1.4179	0.9636	0.9636	1.1243	0.9633	0.9634	0.9634	0.9639	0.9633	0.9645	0.963	0.966	0.9631	0.963	0.9628	0.9635	1.5132	0.9634	1.0739	0.9631	1.4501	1.3754	0.9636	1.0855	0.9634	0.9634	0.9635	0.961	0.9634	0.9636	0.9636	0.9632	0.9634	0.9639	0.9633	1.2152	5.0732	0.9621
  L	0.9635	0.9635	0.9635	0.9635	0.9635	0.9624	0.9635	0.9632	0.9626	0.9603	0.9635	0	0.9646	0.963	0.9636	0.9637	1.1372	0.9634	0.9635	0.9635	0.9636	0.9634	0.9635	0.9628	0.9655	0.9632	0.9631	0.9628	0.9637	0.9632	0.9635	0.9608	0.9632	0.9663	0.9633	0.9632	0.9686	0.9635	0.9635	0.9636	0.961	0.9635	0.9637	0.9637	0.9633	0.9635	0.9633	0.9634	1.3558	0.9624	0.9615
  M	0.9635	0.9635	0.9636	0.9635	0.9636	1.0464	0.9635	0.9632	0.9627	0.9604	0.9635	0.9646	0	0.9631	0.9636	0.9637	1.067	0.9634	0.9635	0.9635	0.9636	0.9635	0.9635	0.9629	0.9655	0.9632	0.9631	0.9629	0.9658	0.9632	0.9635	0.961	0.9632	0.9663	0.9634	0.9632	0.9687	0.9635	0.9635	0.9636	0.9611	0.9636	0.9637	1.182	0.9633	0.9635	0.9634	0.9634	1.8015	0.9625	0.9617
  N	0.963	0.963	0.9631	0.963	0.9631	0.9613	0.963	0.9627	0.9622	0.9598	1.4179	0.963	0.9631	0	0.9632	0.9632	0.9631	0.9629	0.963	0.963	0.9631	0.963	0.963	0.9623	0.965	0.9627	0.9626	0.9624	0.9631	0.9629	0.963	0.9603	0.9627	0.9659	0.9629	0.9627	0.9677	0.963	0.963	0.9631	0.9606	0.9631	0.9632	0.9631	0.9628	0.963	0.9628	0.9629	0.9607	0.9889	0.9609
  O	1.2886	0.9636	0.9637	0.9636	0.9637	0.9619	0.9636	0.9633	0.9627	0.9605	0.9636	0.9636	0.9636	0.9632	0	0.9638	0.9636	1.4464	0.9636	0.9636	0.9637	0.9636	0.9636	1.1173	0.9661	0.9633	0.9632	0.9629	0.9636	0.9634	1.4472	0.9609	0.9634	0.9669	0.9635	0.9634	1.4466	0.9636	0.9636	0.9637	0.9611	0.9637	0.9639	0.9637	0.9634	0.9636	0.9637	1.2866	0.9626	0.9625	0.9618
  P	0.9637	0.9637	0.9638	0.9637	0.9637	0.962	0.9637	0.9634	0.9628	1.2885	0.9636	0.9637	0.9637	0.9632	0.9638	0	0.9636	0.9636	0.9637	0.9637	0.9637	0.9636	0.9637	1.2497	0.9675	0.9634	0.9633	0.9634	0.9637	0.9633	0.9637	0.961	0.9635	0.9665	0.9635	0.9636	0.9681	0.9637	0.9637	1.2559	1.099	0.9639	0.964	0.9638	1.0716	0.9637	0.9637	0.9636	0.9613	0.9625	0.9618
  Q	0.9635	0.9635	0.9635	0.9635	0.9635	3.376	0.9635	0.9632	0.9626	0.9604	1.1243	1.1372	1.067	0.9631	0.9636	0.9636	0	0.9634	0.9635	0.9634	0.9636	0.9634	0.9635	0.9628	0.9655	0.9631	0.9631	0.9628	0.9643	1.0139	0.9634	0.9948	0.9632	0.9663	0.9634	0.9632	0.9697	0.9636	0.9634	0.9635	0.9611	0.9635	0.9637	1.4694	0.9632	0.9635	0.9634	0.9634	2.3321	0.9815	0.9618
  R	1.444	0.9634	0.9635	0.9634	0.9635	0.9617	0.9634	0.9631	0.9625	0.9601	0.9633	0.9634	0.9634	0.9629	1.4464	0.9636	0.9634	0	0.9634	0.9634	0.9635	0.9634	0.9634	0.9628	0.9654	0.9631	0.963	0.9628	0.9635	0.9631	1.4446	0.9607	0.9631	0.9662	0.9632	0.9631	0.968	0.9634	0.9634	0.9635	0.9609	0.9635	0.9636	0.9635	0.9632	0.9634	0.9632	0.9634	0.961	0.9622	0.9613
  S	0.9635	0.9635	0.9635	0.9635	0.9635	0.9618	0.9635	0.9632	0.9626	0.9602	0.9634	0.9635	0.9635	0.963	0.9636	0.9637	0.9635	0.9634	0	0.9635	0.9636	0.9634	0.9635	0.9628	0.9655	0.9632	0.9631	0.9628	1.4458	0.9631	0.9635	0.9607	0.9632	0.9663	0.9633	0.9632	0.9679	0.9635	0.9635	0.9636	0.9609	0.9635	0.9637	0.9636	0.9633	0.9635	0.9633	0.9634	0.9611	0.9622	0.9614
  T	0.9635	0.9635	0.9635	0.9635	0.9635	0.9618	0.9636	0.9632	0.9626	0.9691	0.9634	0.9635	0.9635	0.963	0.9636	0.9637	0.9634	0.9634	0.9635	0	0.9635	0.9634	0.9635	0.9628	0.9663	0.9632	0.9631	0.9628	0.9635	0.9631	0.9635	0.9608	0.9632	0.9662	0.9633	0.9632	0.9678	0.9635	0.9635	0.9635	1.4327	0.9635	0.9637	0.9636	0.9633	0.9635	0.9633	0.9634	0.9611	0.9623	0.9614
  U	0.9636	0.9635	0.9636	0.9636	0.9638	0.9619	0.9636	0.9633	0.9627	0.9603	0.9639	0.9636	0.9636	0.9631	0.9637	0.9637	0.9636	0.9635	0.9636	0.9635	0	0.9635	0.9636	0.9628	0.9655	0.9632	0.9632	0.9629	0.9636	1.8684	0.9635	1.2172	0.9632	0.9663	0.9635	0.9632	0.9682	0.9635	0.9635	0.9636	0.961	0.9636	0.9638	0.9636	0.9633	0.9635	0.9633	0.9635	0.9612	0.9625	0.9615
  V	0.9635	0.9634	0.9635	0.9635	0.9635	1.4428	0.9635	0.9631	0.9626	0.9602	0.9633	0.9634	0.9635	0.963	0.9636	0.9636	0.9634	0.9634	0.9634	0.9634	0.9635	0	0.9634	0.9627	0.9654	0.9631	0.963	0.9628	0.9635	0.9631	0.9634	0.9607	0.9631	0.9662	0.9632	0.9631	0.9678	0.9634	0.9634	0.9635	0.961	0.9635	0.9637	0.9635	0.9632	0.9634	0.9632	0.9634	0.9611	0.9623	0.9614
  W	0.9635	0.9635	0.9635	0.9635	0.9636	0.9618	0.9635	0.9632	0.9626	0.9602	0.9645	0.9635	0.9635	0.963	0.9636	0.9637	0.9635	0.9634	0.9635	0.9635	0.9636	0.9634	0	0.9628	0.9654	0.9631	0.9631	0.9628	0.9635	1.4451	0.9635	0.9609	0.9632	0.9663	0.9635	0.9632	0.9694	0.9635	0.9634	0.9635	0.961	0.9635	0.9637	0.9636	0.9632	0.9635	0.9632	0.9634	0.9611	0.9623	0.9614
  X	0.9628	0.9631	0.9631	0.9629	0.9628	0.9612	0.9631	0.9629	0.963	2.2946	0.963	0.9628	0.9629	0.9623	1.1173	1.2497	0.9628	0.9628	0.9628	0.9628	0.9628	0.9627	0.9628	0	1.3614	1.4486	0.9627	0.9627	0.9628	0.9626	0.9628	0.9602	1.6041	0.9938	0.9626	0.9657	1.2986	0.9628	0.9628	1.3532	1.0877	1.214	1.8089	0.9629	0.9629	0.9628	0.9789	0.9628	0.9629	0.9617	0.9722
  Y	0.9655	0.9654	0.9682	0.9655	0.9655	0.9641	1.2652	1.4476	0.9682	2.6384	0.966	0.9655	0.9655	0.965	0.9661	0.9675	0.9655	0.9654	0.9655	0.9663	0.9655	0.9654	0.9654	1.3614	0	0.9655	0.9659	0.9693	0.9655	0.9653	0.9655	0.9631	0.9658	1.6164	0.9653	0.9873	1.0173	0.9654	0.9654	0.9658	2.9079	0.9659	0.9963	0.9655	0.9666	0.9654	1.0508	0.9654	0.9686	0.9646	1.0339
  Z	0.9632	0.9632	0.9632	0.9632	0.9632	0.9615	0.9632	0.9629	0.9623	0.96	0.9631	0.9632	0.9632	0.9627	0.9633	0.9634	0.9631	0.9631	0.9632	0.9632	0.9632	0.9631	0.9631	1.4486	0.9655	0	0.9628	0.9625	0.9632	0.9628	0.9631	0.9604	0.9629	0.9661	0.963	0.9629	0.9678	0.9632	0.9631	0.9633	0.9607	0.9633	0.9635	0.9632	0.963	0.9632	0.9631	0.9631	0.9608	0.9619	0.9612
  [	0.9631	0.9631	0.9632	0.9631	0.9631	0.9615	0.9631	0.9628	1.1272	1.2259	0.963	0.9631	0.9631	0.9626	0.9632	0.9633	0.9631	0.963	0.9631	0.9631	0.9632	0.963	0.9631	0.9627	0.9659	0.9628	0	0.9627	0.9631	0.9628	0.9631	0.9605	0.9628	0.9665	0.9629	0.9633	0.9683	0.9631	0.9631	0.9632	0.9612	0.9632	0.9633	0.9632	0.963	0.9631	2.1843	0.963	0.9609	0.9619	0.9621
  \	0.9628	0.9629	1.2772	1.1279	0.9629	0.9614	0.963	0.9626	0.9623	4.1671	0.9628	0.9628	0.9629	0.9624	0.9629	0.9634	0.9628	0.9628	0.9628	0.9628	0.9629	0.9628	0.9628	0.9627	0.9693	0.9625	0.9627	0	0.9629	0.9625	0.9628	0.9604	0.9625	0.9656	0.9626	1.285	0.9671	0.9628	0.9628	0.9629	1.2642	0.9635	0.963	0.9629	0.963	0.9629	0.9633	0.9628	0.9608	0.9618	0.9614
  ]	0.9635	0.9635	0.9636	0.9635	0.9636	1.0718	0.9635	0.9632	0.9626	0.9603	0.9635	0.9637	0.9658	0.9631	0.9636	0.9637	0.9643	0.9635	1.4458	0.9635	0.9636	0.9635	0.9635	0.9628	0.9655	0.9632	0.9631	0.9629	0	0.9632	0.9635	0.9609	0.9632	0.9663	0.9635	0.9632	0.9689	0.9636	0.9635	0.9636	0.9611	0.9636	0.9637	0.9637	0.9633	0.9635	0.9633	0.9635	1.4122	0.9625	0.9616
  ^	0.9631	0.9631	0.9632	0.9631	1.1328	0.9621	0.9631	0.9628	0.9623	0.96	1.5132	0.9632	0.9632	0.9629	0.9634	0.9633	1.0139	0.9631	0.9631	0.9631	1.8684	0.9631	1.4451	0.9626	0.9653	0.9628	0.9628	0.9625	0.9632	0	0.9631	2.7174	0.9628	0.9663	1.0498	0.9629	1.3852	0.9631	0.9631	0.9632	0.9608	0.9632	0.9633	0.9633	0.9629	0.9631	0.9631	0.9631	1.0539	1.4677	0.9613
  _	0.9663	0.9635	0.9635	0.9635	0.9635	0.9617	0.9635	0.9632	0.9626	0.9601	0.9634	0.9635	0.9635	0.963	1.4472	0.9637	0.9634	1.4446	0.9635	0.9635	0.9635	0.9634	0.9635	0.9628	0.9655	0.9631	0.9631	0.9628	0.9635	0.9631	0	0.9607	0.9632	0.9663	0.9633	0.9632	0.9681	0.9635	0.9635	0.9636	0.9609	0.9635	0.9637	0.9636	0.9632	0.9635	0.9632	0.9635	0.961	0.9622	0.9613
  `	0.9607	0.9608	0.9608	0.9608	1.3011	0.9592	0.9608	0.9605	0.9601	0.9577	1.0739	0.9608	0.961	0.9603	0.9609	0.961	0.9948	0.9607	0.9607	0.9608	1.2172	0.9607	0.9609	0.9602	0.9631	0.9604	0.9605	0.9604	0.9609	2.7174	0.9607	0	0.9604	0.9638	0.961	0.9605	0.9671	0.9608	0.9607	0.9609	0.9588	0.961	0.961	0.9609	0.9607	0.9608	0.9609	0.9607	1.0192	1.4567	0.9588
  a	0.9632	0.9632	0.9632	0.9632	0.9632	0.9615	0.9632	0.9629	0.9623	0.9601	0.9631	0.9632	0.9632	0.9627	0.9634	0.9635	0.9632	0.9631	0.9632	0.9632	0.9632	0.9631	0.9632	1.6041	0.9658	0.9629	0.9628	0.9625	0.9632	0.9628	0.9632	0.9604	0	0.9662	0.963	0.9629	0.9679	0.9632	1.4449	0.9633	0.9607	0.9633	1.3923	0.9633	0.963	0.9632	0.9631	0.9631	0.9608	0.9619	0.9612
  b	0.9664	0.9662	1.4481	0.9663	0.9663	0.9648	0.9666	0.9664	0.9696	1.4485	1.4501	0.9663	0.9663	0.9659	0.9669	0.9665	0.9663	0.9662	0.9663	0.9662	0.9663	0.9662	0.9663	0.9938	1.6164	0.9661	0.9665	0.9656	0.9663	0.9663	0.9663	0.9638	0.9662	0	0.9663	1.3048	1.0509	0.9663	0.9663	0.9664	0.9725	0.9663	0.9686	0.9663	0.9664	0.9662	1.3455	0.9662	0.9752	0.9654	1.2035
  c	0.9633	0.9633	0.9633	0.9633	0.9634	2.4105	0.9633	0.963	0.9624	0.96	1.3754	0.9633	0.9634	0.9629	0.9635	0.9635	0.9634	0.9632	0.9633	0.9633	0.9635	0.9632	0.9635	0.9626	0.9653	0.963	0.9629	0.9626	0.9635	1.0498	0.9633	0.961	0.963	0.9663	0	0.963	0.9933	0.9633	0.9633	0.9634	0.9608	0.9633	0.9635	0.9634	0.9631	0.9633	0.9631	0.9632	0.9638	0.9637	0.9612
  d	0.9632	0.9632	1.3131	0.9633	0.9632	0.9615	0.9633	0.963	0.9646	1.8968	0.9636	0.9632	0.9632	0.9627	0.9634	0.9636	0.9632	0.9631	0.9632	0.9632	0.9632	0.9631	0.9632	0.9657	0.9873	0.9629	0.9633	1.285	0.9632	0.9629	0.9632	0.9605	0.9629	1.3048	0.963	0	0.9743	0.9632	0.9632	0.9633	1.0582	0.9634	0.9636	0.9633	1.4577	0.9632	1.0583	0.9631	0.9624	0.962	0.9987
  e	0.9681	0.9678	0.9687	0.9679	0.9679	0.9689	0.9682	0.9682	0.9703	0.9694	1.0855	0.9686	0.9687	0.9677	1.4466	0.9681	0.9697	0.968	0.9679	0.9678	0.9682	0.9678	0.9694	1.2986	1.0173	0.9678	0.9683	0.9671	0.9689	1.3852	0.9681	0.9671	0.9679	1.0509	0.9933	0.9743	0	0.968	0.9679	0.9681	0.9677	0.9679	0.9688	0.9684	0.9679	0.9678	1.0088	0.968	10.333	1.0988	0.9936
  f	0.9635	0.9635	0.9635	0.9635	0.9635	0.9619	0.9635	0.9632	0.9626	0.9603	0.9634	0.9635	0.9635	0.963	0.9636	0.9637	0.9636	0.9634	0.9635	0.9635	0.9635	0.9634	0.9635	0.9628	0.9654	0.9632	0.9631	0.9628	0.9636	0.9631	0.9635	0.9608	0.9632	0.9663	0.9633	0.9632	0.968	0	0.9635	0.9635	0.961	0.9635	0.9637	0.9636	0.9633	0.9635	0.9633	0.9634	1.4419	0.9623	0.9615
  g	0.9635	0.9635	0.9635	0.9635	0.9635	0.9618	0.9635	0.9632	0.9626	0.9602	0.9634	0.9635	0.9635	0.963	0.9636	0.9637	0.9634	0.9634	0.9635	0.9635	0.9635	0.9634	0.9634	0.9628	0.9654	0.9631	0.9631	0.9628	0.9635	0.9631	0.9635	0.9607	1.4449	0.9663	0.9633	0.9632	0.9679	0.9635	0	0.9635	0.9609	0.9635	0.9637	0.9636	0.9632	0.9635	0.9632	0.9634	0.961	0.9622	0.9614
  h	0.9636	0.9636	0.9636	0.9636	0.9636	0.9619	0.9636	0.9633	0.9627	0.9605	0.9635	0.9636	0.9636	0.9631	0.9637	1.2559	0.9635	0.9635	0.9636	0.9635	0.9636	0.9635	0.9635	1.3532	0.9658	0.9633	0.9632	0.9629	0.9636	0.9632	0.9636	0.9609	0.9633	0.9664	0.9634	0.9633	0.9681	0.9635	0.9635	0	0.9611	0.9637	0.9639	0.9636	0.9634	0.9636	0.9634	0.9635	0.9612	0.9624	0.9615
  i	0.9609	0.9611	0.9613	0.9614	0.961	0.9596	1.099	0.9608	0.961	5.6375	0.961	0.961	0.9611	0.9606	0.9611	1.099	0.9611	0.9609	0.9609	1.4327	0.961	0.961	0.961	1.0877	2.9079	0.9607	0.9612	1.2642	0.9611	0.9608	0.9609	0.9588	0.9607	0.9725	0.9608	1.0582	0.9677	0.961	0.9609	0.9611	0	1.4417	0.9615	0.9611	1.0349	0.9615	1.4443	0.9609	0.9595	0.96	1.177
  j	0.9636	0.9642	0.9636	0.9636	0.9636	0.9619	0.9636	0.9633	0.9628	1.8745	0.9634	0.9635	0.9636	0.9631	0.9637	0.9639	0.9635	0.9635	0.9635	0.9635	0.9636	0.9635	0.9635	1.214	0.9659	0.9633	0.9632	0.9635	0.9636	0.9632	0.9635	0.961	0.9633	0.9663	0.9633	0.9634	0.9679	0.9635	0.9635	0.9637	1.4417	0	0.9639	0.9636	0.9635	0.9636	0.9636	0.9635	0.9612	0.9624	0.9617
  k	0.9637	0.9637	0.9638	0.9637	0.9637	0.962	0.9638	0.9635	0.9629	0.9612	0.9636	0.9637	0.9637	0.9632	0.9639	0.964	0.9637	0.9636	0.9637	0.9637	0.9638	0.9637	0.9637	1.8089	0.9963	0.9635	0.9633	0.963	0.9637	0.9633	0.9637	0.961	1.3923	0.9686	0.9635	0.9636	0.9688	0.9637	0.9637	0.9639	0.9615	0.9639	0	0.9638	0.9635	0.9637	0.9646	0.9636	0.9614	0.9625	0.9625
  l	0.9636	0.9636	0.9636	0.9636	0.9636	1.4136	0.9636	0.9633	0.9627	0.9603	0.9636	0.9637	1.182	0.9631	0.9637	0.9638	1.4694	0.9635	0.9636	0.9636	0.9636	0.9635	0.9636	0.9629	0.9655	0.9632	0.9632	0.9629	0.9637	0.9633	0.9636	0.9609	0.9633	0.9663	0.9634	0.9633	0.9684	0.9636	0.9636	0.9636	0.9611	0.9636	0.9638	0	0.9633	0.9636	0.9633	0.9635	1.1008	0.9625	0.9615
  m	0.9633	0.9633	0.9634	0.9633	0.9633	0.9617	0.9633	0.963	0.9625	1.9407	0.9632	0.9633	0.9633	0.9628	0.9634	1.0716	0.9632	0.9632	0.9633	0.9633	0.9633	0.9632	0.9632	0.9629	0.9666	0.963	0.963	0.963	0.9633	0.9629	0.9632	0.9607	0.963	0.9664	0.9631	1.4577	0.9679	0.9633	0.9632	0.9634	1.0349	0.9635	0.9635	0.9633	0	0.9633	0.9637	0.9632	0.9611	0.9621	1.4446
  n	0.9635	0.9635	0.9635	0.9635	0.9635	0.9618	0.9635	0.9632	0.9626	1.4429	0.9634	0.9635	0.9635	0.963	0.9636	0.9637	0.9635	0.9634	0.9635	0.9635	0.9635	0.9634	0.9635	0.9628	0.9654	0.9632	0.9631	0.9629	0.9635	0.9631	0.9635	0.9608	0.9632	0.9662	0.9633	0.9632	0.9678	0.9635	0.9635	0.9636	0.9615	0.9636	0.9637	0.9636	0.9633	0	0.9633	0.9634	0.9611	0.9623	0.9615
  o	0.9633	0.9633	0.9639	0.9634	0.9633	0.9619	0.9635	0.9633	4.2585	2.4746	0.9639	0.9633	0.9634	0.9628	0.9637	0.9637	0.9634	0.9632	0.9633	0.9633	0.9633	0.9632	0.9632	0.9789	1.0508	0.9631	2.1843	0.9633	0.9633	0.9631	0.9632	0.9609	0.9631	1.3455	0.9631	1.0583	1.0088	0.9633	0.9632	0.9634	1.4443	0.9636	0.9646	0.9633	0.9637	0.9633	0	0.9632	0.9951	0.9624	2.5415
  p	1.2919	0.9634	0.9635	0.9634	0.9635	0.9617	0.9634	0.9631	0.9625	0.9601	0.9633	0.9634	0.9634	0.9629	1.2866	0.9636	0.9634	0.9634	0.9634	0.9634	0.9635	0.9634	0.9634	0.9628	0.9654	0.9631	0.963	0.9628	0.9635	0.9631	0.9635	0.9607	0.9631	0.9662	0.9632	0.9631	0.968	0.9634	0.9634	0.9635	0.9609	0.9635	0.9636	0.9635	0.9632	0.9634	0.9632	0	0.961	0.9622	0.9613
  q	0.961	0.9611	0.9612	0.9611	0.9612	2.1168	0.9611	0.9608	0.9627	0.9588	1.2152	1.3558	1.8015	0.9607	0.9626	0.9613	2.3321	0.961	0.9611	0.9611	0.9612	0.9611	0.9611	0.9629	0.9686	0.9608	0.9609	0.9608	1.4122	1.0539	0.961	1.0192	0.9608	0.9752	0.9638	0.9624	10.333	1.4419	0.961	0.9612	0.9595	0.9612	0.9614	1.1008	0.9611	0.9611	0.9951	0.961	0	1.7044	1.4395
  r	0.9623	0.9623	0.9623	0.9623	0.9624	1.386	0.9623	0.962	0.9615	0.9592	5.0732	0.9624	0.9625	0.9889	0.9625	0.9625	0.9815	0.9622	0.9622	0.9623	0.9625	0.9623	0.9623	0.9617	0.9646	0.9619	0.9619	0.9618	0.9625	1.4677	0.9622	1.4567	0.9619	0.9654	0.9637	0.962	1.0988	0.9623	0.9622	0.9624	0.96	0.9624	0.9625	0.9625	0.9621	0.9623	0.9624	0.9622	1.7044	0	0.9605
  s	0.9613	0.9615	0.962	0.9615	0.9615	0.96	0.9617	0.9614	2.4311	1.2294	0.9621	0.9615	0.9617	0.9609	0.9618	0.9618	0.9618	0.9613	0.9614	0.9614	0.9615	0.9614	0.9614	0.9722	1.0339	0.9612	0.9621	0.9614	0.9616	0.9613	0.9613	0.9588	0.9612	1.2035	0.9612	0.9987	0.9936	0.9615	0.9614	0.9615	1.177	0.9617	0.9625	0.9615	1.4446	0.9615	2.5415	0.9613	1.4395	0.9605	0

Actual rates from j->i (Q_ij):
	A	B	C	D	E	F	G	H	I	J	K	L	M	N	O	P	Q	R	S	T	U	V	W	X	Y	Z	[	\	]	^	_	`	a	b	c	d	e	f	g	h	i	j	k	l	m	n	o	p	q	r	s
  A	0	0.0201	0.0201	0.0201	0.0201	0.0201	0.0201	0.0201	0.0201	0.0201	0.0201	0.0201	0.0201	0.0201	0.0269	0.0201	0.0201	0.0302	0.0201	0.0201	0.0201	0.0201	0.0201	0.0201	0.0202	0.0201	0.0201	0.0201	0.0201	0.0201	0.0202	0.0201	0.0201	0.0202	0.0201	0.0201	0.0202	0.0201	0.0201	0.0201	0.0201	0.0201	0.0201	0.0201	0.0201	0.0201	0.0201	0.027	0.0201	0.0201	0.0201
  B	0.019	0	0.019	0.019	0.019	0.019	0.019	0.019	0.019	0.0285	0.019	0.019	0.019	0.019	0.019	0.019	0.019	0.019	0.019	0.019	0.019	0.019	0.019	0.019	0.0191	0.019	0.019	0.019	0.019	0.019	0.019	0.019	0.019	0.0191	0.019	0.019	0.0191	0.019	0.019	0.019	0.019	0.0191	0.019	0.019	0.019	0.019	0.019	0.019	0.019	0.019	0.019
  C	0.0194	0.0194	0	0.0194	0.0194	0.0194	0.0194	0.0194	0.0194	0.0292	0.0194	0.0194	0.0194	0.0194	0.0194	0.0194	0.0194	0.0194	0.0194	0.0194	0.0194	0.0194	0.0194	0.0194	0.0195	0.0194	0.0194	0.0257	0.0194	0.0194	0.0194	0.0194	0.0194	0.0292	0.0194	0.0265	0.0195	0.0194	0.0194	0.0194	0.0194	0.0194	0.0194	0.0194	0.0194	0.0194	0.0194	0.0194	0.0194	0.0194	0.0194
  D	0.0192	0.0192	0.0192	0	0.0192	0.0192	0.0192	0.0192	0.0192	0.0257	0.0192	0.0192	0.0192	0.0192	0.0192	0.0192	0.0192	0.0192	0.0192	0.0192	0.0192	0.0192	0.0192	0.0192	0.0193	0.0192	0.0192	0.0225	0.0192	0.0192	0.0192	0.0192	0.0192	0.0193	0.0192	0.0192	0.0193	0.0192	0.0192	0.0192	0.0192	0.0192	0.0192	0.0192	0.0192	0.0192	0.0192	0.0192	0.0192	0.0192	0.0192
  E	0.0193	0.0193	0.0193	0.0193	0	0.0193	0.0193	0.0193	0.0193	0.0192	0.0193	0.0193	0.0193	0.0193	0.0193	0.0193	0.0193	0.0193	0.0193	0.0193	0.0193	0.0193	0.0193	0.0193	0.0193	0.0193	0.0193	0.0193	0.0193	0.0227	0.0193	0.0261	0.0193	0.0193	0.0193	0.0193	0.0194	0.0193	0.0193	0.0193	0.0192	0.0193	0.0193	0.0193	0.0193	0.0193	0.0193	0.0193	0.0192	0.0193	0.0193
  F	0.0197	0.0197	0.0197	0.0197	0.0197	0	0.0197	0.0197	0.0197	0.0196	0.0197	0.0197	0.0214	0.0197	0.0197	0.0197	0.069	0.0197	0.0197	0.0197	0.0197	0.0295	0.0197	0.0197	0.0197	0.0197	0.0197	0.0197	0.0219	0.0197	0.0197	0.0196	0.0197	0.0197	0.0493	0.0197	0.0198	0.0197	0.0197	0.0197	0.0196	0.0197	0.0197	0.0289	0.0197	0.0197	0.0197	0.0197	0.0433	0.0283	0.0196
  G	0.0193	0.0193	0.0193	0.0193	0.0193	0.0193	0	0.0193	0.0193	0.0208	0.0193	0.0193	0.0193	0.0193	0.0193	0.0193	0.0193	0.0193	0.0193	0.0193	0.0193	0.0193	0.0193	0.0193	0.0254	0.0193	0.0193	0.0193	0.0193	0.0193	0.0193	0.0193	0.0193	0.0194	0.0193	0.0193	0.0194	0.0193	0.0193	0.0193	0.022	0.0193	0.0193	0.0193	0.0193	0.0193	0.0193	0.0193	0.0193	0.0193	0.0193
  H	0.0196	0.0196	0.0196	0.0196	0.0196	0.0196	0.0196	0	0.0196	0.0195	0.0196	0.0196	0.0196	0.0196	0.0196	0.0196	0.0196	0.0196	0.0196	0.0196	0.0196	0.0196	0.0196	0.0196	0.0294	0.0196	0.0196	0.0196	0.0196	0.0196	0.0196	0.0195	0.0196	0.0197	0.0196	0.0196	0.0197	0.0196	0.0196	0.0196	0.0195	0.0196	0.0196	0.0196	0.0196	0.0196	0.0196	0.0196	0.0195	0.0196	0.0196
  I	0.0175	0.0175	0.0175	0.0175	0.0175	0.0175	0.0175	0.0175	0	0.0244	0.0175	0.0175	0.0175	0.0175	0.0175	0.0175	0.0175	0.0175	0.0175	0.0175	0.0175	0.0175	0.0175	0.0175	0.0176	0.0175	0.0205	0.0175	0.0175	0.0175	0.0175	0.0175	0.0175	0.0176	0.0175	0.0175	0.0176	0.0175	0.0175	0.0175	0.0175	0.0175	0.0175	0.0175	0.0175	0.0175	0.0774	0.0175	0.0175	0.0175	0.0442
  J	0.0169	0.0254	0.0255	0.0227	0.0169	0.0169	0.0183	0.0169	0.0236	0	0.0169	0.0169	0.0169	0.0169	0.0169	0.0227	0.0169	0.0169	0.0169	0.0171	0.0169	0.0169	0.0169	0.0404	0.0464	0.0169	0.0216	0.0734	0.0169	0.0169	0.0169	0.0169	0.0169	0.0255	0.0169	0.0334	0.0171	0.0169	0.0169	0.0169	0.0992	0.033	0.0169	0.0169	0.0342	0.0254	0.0436	0.0169	0.0169	0.0169	0.0216
  K	0.0187	0.0187	0.0187	0.0187	0.0187	0.0187	0.0187	0.0187	0.0187	0.0187	0	0.0187	0.0187	0.0276	0.0187	0.0187	0.0219	0.0187	0.0187	0.0187	0.0187	0.0187	0.0187	0.0187	0.0188	0.0187	0.0187	0.0187	0.0187	0.0294	0.0187	0.0209	0.0187	0.0282	0.0267	0.0187	0.0211	0.0187	0.0187	0.0187	0.0187	0.0187	0.0187	0.0187	0.0187	0.0187	0.0187	0.0187	0.0236	0.0986	0.0187
  L	0.0193	0.0193	0.0193	0.0193	0.0193	0.0192	0.0193	0.0193	0.0193	0.0192	0.0193	0	0.0193	0.0193	0.0193	0.0193	0.0227	0.0193	0.0193	0.0193	0.0193	0.0193	0.0193	0.0193	0.0193	0.0193	0.0193	0.0193	0.0193	0.0193	0.0193	0.0192	0.0193	0.0193	0.0193	0.0193	0.0194	0.0193	0.0193	0.0193	0.0192	0.0193	0.0193	0.0193	0.0193	0.0193	0.0193	0.0193	0.0271	0.0192	0.0192
  M	0.0187	0.0187	0.0187	0.0187	0.0187	0.0203	0.0187	0.0187	0.0187	0.0186	0.0187	0.0187	0	0.0187	0.0187	0.0187	0.0207	0.0187	0.0187	0.0187	0.0187	0.0187	0.0187	0.0187	0.0187	0.0187	0.0187	0.0187	0.0187	0.0187	0.0187	0.0186	0.0187	0.0187	0.0187	0.0187	0.0188	0.0187	0.0187	0.0187	0.0186	0.0187	0.0187	0.0229	0.0187	0.0187	0.0187	0.0187	0.035	0.0187	0.0187
  N	0.0198	0.0198	0.0198	0.0198	0.0198	0.0198	0.0198	0.0198	0.0198	0.0197	0.0292	0.0198	0.0198	0	0.0198	0.0198	0.0198	0.0198	0.0198	0.0198	0.0198	0.0198	0.0198	0.0198	0.0198	0.0198	0.0198	0.0198	0.0198	0.0198	0.0198	0.0197	0.0198	0.0199	0.0198	0.0198	0.0199	0.0198	0.0198	0.0198	0.0197	0.0198	0.0198	0.0198	0.0198	0.0198	0.0198	0.0198	0.0198	0.0203	0.0198
  O	0.0259	0.0194	0.0194	0.0194	0.0194	0.0193	0.0194	0.0194	0.0193	0.0193	0.0194	0.0194	0.0194	0.0194	0	0.0194	0.0194	0.0291	0.0194	0.0194	0.0194	0.0194	0.0194	0.0225	0.0194	0.0194	0.0194	0.0194	0.0194	0.0194	0.0291	0.0193	0.0194	0.0194	0.0194	0.0194	0.0291	0.0194	0.0194	0.0194	0.0193	0.0194	0.0194	0.0194	0.0194	0.0194	0.0194	0.0259	0.0193	0.0193	0.0193
  P	0.0192	0.0192	0.0192	0.0192	0.0192	0.0192	0.0192	0.0192	0.0192	0.0257	0.0192	0.0192	0.0192	0.0192	0.0192	0	0.0192	0.0192	0.0192	0.0192	0.0192	0.0192	0.0192	0.0249	0.0193	0.0192	0.0192	0.0192	0.0192	0.0192	0.0192	0.0192	0.0192	0.0193	0.0192	0.0192	0.0193	0.0192	0.0192	0.0251	0.0219	0.0192	0.0192	0.0192	0.0214	0.0192	0.0192	0.0192	0.0192	0.0192	0.0192
  Q	0.0185	0.0185	0.0185	0.0185	0.0185	0.0649	0.0185	0.0185	0.0185	0.0185	0.0216	0.0219	0.0205	0.0185	0.0185	0.0185	0	0.0185	0.0185	0.0185	0.0185	0.0185	0.0185	0.0185	0.0186	0.0185	0.0185	0.0185	0.0185	0.0195	0.0185	0.0191	0.0185	0.0186	0.0185	0.0185	0.0186	0.0185	0.0185	0.0185	0.0185	0.0185	0.0185	0.0282	0.0185	0.0185	0.0185	0.0185	0.0448	0.0189	0.0185
  R	0.0296	0.0198	0.0198	0.0198	0.0198	0.0197	0.0198	0.0197	0.0197	0.0197	0.0197	0.0198	0.0198	0.0197	0.0297	0.0198	0.0198	0	0.0198	0.0198	0.0198	0.0197	0.0198	0.0197	0.0198	0.0197	0.0197	0.0197	0.0198	0.0197	0.0296	0.0197	0.0197	0.0198	0.0197	0.0197	0.0198	0.0198	0.0198	0.0198	0.0197	0.0198	0.0198	0.0198	0.0197	0.0198	0.0197	0.0198	0.0197	0.0197	0.0197
  S	0.0197	0.0197	0.0197	0.0197	0.0197	0.0197	0.0197	0.0197	0.0197	0.0197	0.0197	0.0197	0.0197	0.0197	0.0197	0.0197	0.0197	0.0197	0	0.0197	0.0197	0.0197	0.0197	0.0197	0.0198	0.0197	0.0197	0.0197	0.0296	0.0197	0.0197	0.0197	0.0197	0.0198	0.0197	0.0197	0.0198	0.0197	0.0197	0.0197	0.0197	0.0197	0.0197	0.0197	0.0197	0.0197	0.0197	0.0197	0.0197	0.0197	0.0197
  T	0.0192	0.0192	0.0192	0.0192	0.0192	0.0192	0.0192	0.0192	0.0192	0.0193	0.0192	0.0192	0.0192	0.0192	0.0192	0.0192	0.0192	0.0192	0.0192	0	0.0192	0.0192	0.0192	0.0192	0.0193	0.0192	0.0192	0.0192	0.0192	0.0192	0.0192	0.0192	0.0192	0.0193	0.0192	0.0192	0.0193	0.0192	0.0192	0.0192	0.0286	0.0192	0.0192	0.0192	0.0192	0.0192	0.0192	0.0192	0.0192	0.0192	0.0192
  U	0.0195	0.0195	0.0195	0.0195	0.0195	0.0194	0.0195	0.0195	0.0195	0.0194	0.0195	0.0195	0.0195	0.0195	0.0195	0.0195	0.0195	0.0195	0.0195	0.0195	0	0.0195	0.0195	0.0195	0.0195	0.0195	0.0195	0.0195	0.0195	0.0378	0.0195	0.0246	0.0195	0.0195	0.0195	0.0195	0.0196	0.0195	0.0195	0.0195	0.0194	0.0195	0.0195	0.0195	0.0195	0.0195	0.0195	0.0195	0.0194	0.0194	0.0194
  V	0.0194	0.0194	0.0194	0.0194	0.0194	0.0291	0.0194	0.0194	0.0194	0.0193	0.0194	0.0194	0.0194	0.0194	0.0194	0.0194	0.0194	0.0194	0.0194	0.0194	0.0194	0	0.0194	0.0194	0.0194	0.0194	0.0194	0.0194	0.0194	0.0194	0.0194	0.0193	0.0194	0.0195	0.0194	0.0194	0.0195	0.0194	0.0194	0.0194	0.0194	0.0194	0.0194	0.0194	0.0194	0.0194	0.0194	0.0194	0.0194	0.0194	0.0194
  W	0.0196	0.0196	0.0196	0.0196	0.0196	0.0195	0.0196	0.0196	0.0195	0.0195	0.0196	0.0196	0.0196	0.0196	0.0196	0.0196	0.0196	0.0196	0.0196	0.0196	0.0196	0.0196	0	0.0195	0.0196	0.0196	0.0196	0.0195	0.0196	0.0293	0.0196	0.0195	0.0196	0.0196	0.0196	0.0196	0.0197	0.0196	0.0196	0.0196	0.0195	0.0196	0.0196	0.0196	0.0196	0.0196	0.0196	0.0196	0.0195	0.0195	0.0195
  X	0.0185	0.0185	0.0185	0.0185	0.0185	0.0185	0.0185	0.0185	0.0185	0.0442	0.0185	0.0185	0.0185	0.0185	0.0215	0.0241	0.0185	0.0185	0.0185	0.0185	0.0185	0.0185	0.0185	0	0.0262	0.0279	0.0185	0.0185	0.0185	0.0185	0.0185	0.0185	0.0309	0.0191	0.0185	0.0186	0.025	0.0185	0.0185	0.0261	0.0209	0.0234	0.0348	0.0185	0.0185	0.0185	0.0189	0.0185	0.0185	0.0185	0.0187
  Y	0.0174	0.0174	0.0174	0.0174	0.0174	0.0173	0.0228	0.026	0.0174	0.0475	0.0174	0.0174	0.0174	0.0174	0.0174	0.0174	0.0174	0.0174	0.0174	0.0174	0.0174	0.0174	0.0174	0.0245	0	0.0174	0.0174	0.0174	0.0174	0.0174	0.0174	0.0173	0.0174	0.0291	0.0174	0.0178	0.0183	0.0174	0.0174	0.0174	0.0523	0.0174	0.0179	0.0174	0.0174	0.0174	0.0189	0.0174	0.0174	0.0174	0.0186
  Z	0.0194	0.0194	0.0194	0.0194	0.0194	0.0194	0.0194	0.0194	0.0194	0.0194	0.0194	0.0194	0.0194	0.0194	0.0194	0.0194	0.0194	0.0194	0.0194	0.0194	0.0194	0.0194	0.0194	0.0292	0.0195	0	0.0194	0.0194	0.0194	0.0194	0.0194	0.0194	0.0194	0.0195	0.0194	0.0194	0.0195	0.0194	0.0194	0.0194	0.0194	0.0194	0.0194	0.0194	0.0194	0.0194	0.0194	0.0194	0.0194	0.0194	0.0194
  [	0.0187	0.0187	0.0187	0.0187	0.0187	0.0187	0.0187	0.0187	0.0219	0.0238	0.0187	0.0187	0.0187	0.0187	0.0187	0.0187	0.0187	0.0187	0.0187	0.0187	0.0187	0.0187	0.0187	0.0187	0.0188	0.0187	0	0.0187	0.0187	0.0187	0.0187	0.0187	0.0187	0.0188	0.0187	0.0187	0.0188	0.0187	0.0187	0.0187	0.0187	0.0187	0.0187	0.0187	0.0187	0.0187	0.0424	0.0187	0.0187	0.0187	0.0187
  \	0.0168	0.0168	0.0223	0.0197	0.0168	0.0168	0.0169	0.0168	0.0168	0.0729	0.0168	0.0168	0.0168	0.0168	0.0168	0.0169	0.0168	0.0168	0.0168	0.0168	0.0168	0.0168	0.0168	0.0168	0.017	0.0168	0.0168	0	0.0168	0.0168	0.0168	0.0168	0.0168	0.0169	0.0168	0.0225	0.0169	0.0168	0.0168	0.0168	0.0221	0.0169	0.0169	0.0168	0.0169	0.0168	0.0169	0.0168	0.0168	0.0168	0.0168
  ]	0.0191	0.0191	0.0191	0.0191	0.0191	0.0213	0.0191	0.0191	0.0191	0.0191	0.0191	0.0191	0.0192	0.0191	0.0191	0.0191	0.0192	0.0191	0.0287	0.0191	0.0191	0.0191	0.0191	0.0191	0.0192	0.0191	0.0191	0.0191	0	0.0191	0.0191	0.0191	0.0191	0.0192	0.0191	0.0191	0.0192	0.0191	0.0191	0.0191	0.0191	0.0191	0.0191	0.0191	0.0191	0.0191	0.0191	0.0191	0.0281	0.0191	0.0191
  ^	0.0188	0.0188	0.0188	0.0188	0.0221	0.0188	0.0188	0.0188	0.0188	0.0188	0.0296	0.0188	0.0188	0.0188	0.0188	0.0188	0.0198	0.0188	0.0188	0.0188	0.0365	0.0188	0.0282	0.0188	0.0189	0.0188	0.0188	0.0188	0.0188	0	0.0188	0.0531	0.0188	0.0189	0.0205	0.0188	0.0271	0.0188	0.0188	0.0188	0.0188	0.0188	0.0188	0.0188	0.0188	0.0188	0.0188	0.0188	0.0206	0.0287	0.0188
  _	0.0202	0.0201	0.0201	0.0201	0.0201	0.0201	0.0201	0.0201	0.0201	0.02	0.0201	0.0201	0.0201	0.0201	0.0302	0.0201	0.0201	0.0302	0.0201	0.0201	0.0201	0.0201	0.0201	0.0201	0.0202	0.0201	0.0201	0.0201	0.0201	0.0201	0	0.0201	0.0201	0.0202	0.0201	0.0201	0.0202	0.0201	0.0201	0.0201	0.0201	0.0201	0.0201	0.0201	0.0201	0.0201	0.0201	0.0201	0.0201	0.0201	0.0201
  `	0.0203	0.0203	0.0203	0.0203	0.0275	0.0203	0.0203	0.0203	0.0203	0.0202	0.0227	0.0203	0.0203	0.0203	0.0203	0.0203	0.021	0.0203	0.0203	0.0203	0.0257	0.0203	0.0203	0.0203	0.0203	0.0203	0.0203	0.0203	0.0203	0.0574	0.0203	0	0.0203	0.0204	0.0203	0.0203	0.0204	0.0203	0.0203	0.0203	0.0202	0.0203	0.0203	0.0203	0.0203	0.0203	0.0203	0.0203	0.0215	0.0308	0.0202
  a	0.0197	0.0197	0.0197	0.0197	0.0197	0.0196	0.0197	0.0197	0.0197	0.0196	0.0197	0.0197	0.0197	0.0197	0.0197	0.0197	0.0197	0.0197	0.0197	0.0197	0.0197	0.0197	0.0197	0.0328	0.0197	0.0197	0.0197	0.0197	0.0197	0.0197	0.0197	0.0196	0	0.0197	0.0197	0.0197	0.0198	0.0197	0.0295	0.0197	0.0196	0.0197	0.0284	0.0197	0.0197	0.0197	0.0197	0.0197	0.0196	0.0196	0.0196
  b	0.0185	0.0185	0.0278	0.0185	0.0185	0.0185	0.0185	0.0185	0.0186	0.0278	0.0278	0.0185	0.0185	0.0185	0.0185	0.0185	0.0185	0.0185	0.0185	0.0185	0.0185	0.0185	0.0185	0.0191	0.031	0.0185	0.0185	0.0185	0.0185	0.0185	0.0185	0.0185	0.0185	0	0.0185	0.025	0.0202	0.0185	0.0185	0.0185	0.0187	0.0185	0.0186	0.0185	0.0185	0.0185	0.0258	0.0185	0.0187	0.0185	0.0231
  c	0.0198	0.0198	0.0198	0.0198	0.0198	0.0495	0.0198	0.0198	0.0198	0.0197	0.0282	0.0198	0.0198	0.0198	0.0198	0.0198	0.0198	0.0198	0.0198	0.0198	0.0198	0.0198	0.0198	0.0198	0.0198	0.0198	0.0198	0.0198	0.0198	0.0216	0.0198	0.0197	0.0198	0.0198	0	0.0198	0.0204	0.0198	0.0198	0.0198	0.0197	0.0198	0.0198	0.0198	0.0198	0.0198	0.0198	0.0198	0.0198	0.0198	0.0197
  d	0.0191	0.0191	0.026	0.0191	0.0191	0.0191	0.0191	0.0191	0.0191	0.0376	0.0191	0.0191	0.0191	0.0191	0.0191	0.0191	0.0191	0.0191	0.0191	0.0191	0.0191	0.0191	0.0191	0.0192	0.0196	0.0191	0.0191	0.0255	0.0191	0.0191	0.0191	0.0191	0.0191	0.0259	0.0191	0	0.0193	0.0191	0.0191	0.0191	0.021	0.0191	0.0191	0.0191	0.0289	0.0191	0.021	0.0191	0.0191	0.0191	0.0198
  e	0.0151	0.015	0.0151	0.015	0.015	0.0151	0.0151	0.0151	0.0151	0.0151	0.0169	0.0151	0.0151	0.015	0.0225	0.0151	0.0151	0.015	0.015	0.015	0.0151	0.015	0.0151	0.0202	0.0158	0.015	0.0151	0.015	0.0151	0.0215	0.0151	0.015	0.015	0.0163	0.0154	0.0151	0	0.015	0.015	0.015	0.015	0.015	0.0151	0.0151	0.015	0.015	0.0157	0.015	0.1606	0.0171	0.0154
  f	0.0192	0.0192	0.0192	0.0192	0.0192	0.0191	0.0192	0.0192	0.0191	0.0191	0.0192	0.0192	0.0192	0.0192	0.0192	0.0192	0.0192	0.0192	0.0192	0.0192	0.0192	0.0192	0.0192	0.0192	0.0192	0.0192	0.0192	0.0192	0.0192	0.0192	0.0192	0.0191	0.0192	0.0192	0.0192	0.0192	0.0193	0	0.0192	0.0192	0.0191	0.0192	0.0192	0.0192	0.0192	0.0192	0.0192	0.0192	0.0287	0.0191	0.0191
  g	0.0197	0.0197	0.0197	0.0197	0.0197	0.0196	0.0197	0.0197	0.0197	0.0196	0.0197	0.0197	0.0197	0.0197	0.0197	0.0197	0.0197	0.0197	0.0197	0.0197	0.0197	0.0197	0.0197	0.0197	0.0197	0.0197	0.0197	0.0197	0.0197	0.0197	0.0197	0.0196	0.0295	0.0197	0.0197	0.0197	0.0198	0.0197	0	0.0197	0.0196	0.0197	0.0197	0.0197	0.0197	0.0197	0.0197	0.0197	0.0196	0.0197	0.0196
  h	0.0194	0.0194	0.0194	0.0194	0.0194	0.0194	0.0194	0.0194	0.0194	0.0193	0.0194	0.0194	0.0194	0.0194	0.0194	0.0253	0.0194	0.0194	0.0194	0.0194	0.0194	0.0194	0.0194	0.0272	0.0194	0.0194	0.0194	0.0194	0.0194	0.0194	0.0194	0.0193	0.0194	0.0195	0.0194	0.0194	0.0195	0.0194	0.0194	0	0.0194	0.0194	0.0194	0.0194	0.0194	0.0194	0.0194	0.0194	0.0194	0.0194	0.0194
  i	0.0152	0.0152	0.0152	0.0152	0.0152	0.0152	0.0174	0.0152	0.0152	0.0893	0.0152	0.0152	0.0152	0.0152	0.0152	0.0174	0.0152	0.0152	0.0152	0.0227	0.0152	0.0152	0.0152	0.0172	0.0461	0.0152	0.0152	0.02	0.0152	0.0152	0.0152	0.0152	0.0152	0.0154	0.0152	0.0168	0.0153	0.0152	0.0152	0.0152	0	0.0228	0.0152	0.0152	0.0164	0.0152	0.0229	0.0152	0.0152	0.0152	0.0186
  j	0.0185	0.0185	0.0185	0.0185	0.0185	0.0184	0.0185	0.0185	0.0185	0.0359	0.0185	0.0185	0.0185	0.0185	0.0185	0.0185	0.0185	0.0185	0.0185	0.0185	0.0185	0.0185	0.0185	0.0233	0.0185	0.0185	0.0185	0.0185	0.0185	0.0185	0.0185	0.0184	0.0185	0.0185	0.0185	0.0185	0.0186	0.0185	0.0185	0.0185	0.0276	0	0.0185	0.0185	0.0185	0.0185	0.0185	0.0185	0.0184	0.0184	0.0184
  k	0.0193	0.0193	0.0193	0.0193	0.0193	0.0193	0.0193	0.0193	0.0193	0.0193	0.0193	0.0193	0.0193	0.0193	0.0193	0.0193	0.0193	0.0193	0.0193	0.0193	0.0193	0.0193	0.0193	0.0363	0.02	0.0193	0.0193	0.0193	0.0193	0.0193	0.0193	0.0193	0.0279	0.0194	0.0193	0.0193	0.0194	0.0193	0.0193	0.0193	0.0193	0.0193	0	0.0193	0.0193	0.0193	0.0193	0.0193	0.0193	0.0193	0.0193
  l	0.0194	0.0194	0.0194	0.0194	0.0194	0.0285	0.0194	0.0194	0.0194	0.0194	0.0194	0.0194	0.0238	0.0194	0.0194	0.0194	0.0296	0.0194	0.0194	0.0194	0.0194	0.0194	0.0194	0.0194	0.0195	0.0194	0.0194	0.0194	0.0194	0.0194	0.0194	0.0194	0.0194	0.0195	0.0194	0.0194	0.0195	0.0194	0.0194	0.0194	0.0194	0.0194	0.0194	0	0.0194	0.0194	0.0194	0.0194	0.0222	0.0194	0.0194
  m	0.0183	0.0183	0.0183	0.0183	0.0183	0.0183	0.0183	0.0183	0.0183	0.0368	0.0183	0.0183	0.0183	0.0183	0.0183	0.0203	0.0183	0.0183	0.0183	0.0183	0.0183	0.0183	0.0183	0.0183	0.0184	0.0183	0.0183	0.0183	0.0183	0.0183	0.0183	0.0182	0.0183	0.0183	0.0183	0.0277	0.0184	0.0183	0.0183	0.0183	0.0196	0.0183	0.0183	0.0183	0	0.0183	0.0183	0.0183	0.0182	0.0183	0.0274
  n	0.019	0.019	0.019	0.019	0.019	0.019	0.019	0.019	0.019	0.0285	0.019	0.019	0.019	0.019	0.019	0.019	0.019	0.019	0.019	0.019	0.019	0.019	0.019	0.019	0.0191	0.019	0.019	0.019	0.019	0.019	0.019	0.019	0.019	0.0191	0.019	0.019	0.0191	0.019	0.019	0.019	0.019	0.019	0.019	0.019	0.019	0	0.019	0.019	0.019	0.019	0.019
  o	0.017	0.017	0.0171	0.017	0.017	0.017	0.017	0.017	0.0753	0.0438	0.0171	0.017	0.017	0.017	0.017	0.017	0.017	0.017	0.017	0.017	0.017	0.017	0.017	0.0173	0.0186	0.017	0.0386	0.017	0.017	0.017	0.017	0.017	0.017	0.0238	0.017	0.0187	0.0178	0.017	0.017	0.017	0.0256	0.017	0.0171	0.017	0.017	0.017	0	0.017	0.0176	0.017	0.045
  p	0.0265	0.0198	0.0198	0.0198	0.0198	0.0198	0.0198	0.0198	0.0198	0.0197	0.0198	0.0198	0.0198	0.0198	0.0264	0.0198	0.0198	0.0198	0.0198	0.0198	0.0198	0.0198	0.0198	0.0198	0.0198	0.0198	0.0198	0.0198	0.0198	0.0198	0.0198	0.0197	0.0198	0.0199	0.0198	0.0198	0.0199	0.0198	0.0198	0.0198	0.0197	0.0198	0.0198	0.0198	0.0198	0.0198	0.0198	0	0.0197	0.0198	0.0198
  q	0.018	0.018	0.018	0.018	0.018	0.0397	0.018	0.018	0.018	0.018	0.0228	0.0254	0.0338	0.018	0.018	0.018	0.0437	0.018	0.018	0.018	0.018	0.018	0.018	0.0181	0.0182	0.018	0.018	0.018	0.0265	0.0198	0.018	0.0191	0.018	0.0183	0.0181	0.018	0.1937	0.027	0.018	0.018	0.018	0.018	0.018	0.0206	0.018	0.018	0.0187	0.018	0	0.0319	0.027
  r	0.0196	0.0196	0.0196	0.0196	0.0196	0.0282	0.0196	0.0196	0.0196	0.0195	0.1032	0.0196	0.0196	0.0201	0.0196	0.0196	0.02	0.0196	0.0196	0.0196	0.0196	0.0196	0.0196	0.0196	0.0196	0.0196	0.0196	0.0196	0.0196	0.0299	0.0196	0.0296	0.0196	0.0196	0.0196	0.0196	0.0223	0.0196	0.0196	0.0196	0.0195	0.0196	0.0196	0.0196	0.0196	0.0196	0.0196	0.0196	0.0347	0	0.0195
  s	0.0186	0.0186	0.0186	0.0186	0.0186	0.0185	0.0186	0.0186	0.0469	0.0237	0.0186	0.0186	0.0186	0.0186	0.0186	0.0186	0.0186	0.0186	0.0186	0.0186	0.0186	0.0186	0.0186	0.0188	0.02	0.0186	0.0186	0.0186	0.0186	0.0186	0.0186	0.0185	0.0186	0.0232	0.0186	0.0193	0.0192	0.0186	0.0186	0.0186	0.0227	0.0186	0.0186	0.0186	0.0279	0.0186	0.0491	0.0186	0.0278	0.0185	0
